"Test climate data set for detim/debam glacier (radiation in W/m2, wind in m/s, precip in mm/h, Temp in degC, humidity in %, discharge in m3/s); can only by run from JD 129-166"
year	day	time	airtemp	relhumidity	windspeed	winddir	global_rad	reflected	netradiation	longwave_in	Longwave_out	precip	discharge
1999	128.83	20	-11.97	87.2	1.92	272.9	29.48	26.25	18.83	180.3	237.9	0	-9999
1999	128.87	21	-11.64	85.95	1.99	275.05	12.38	10.93	12.91	181.2	236.57	0	-9999
1999	128.92	22	-11.74	85.95	2.04	276	1.67	1.63	8.84	186.35	238.73	0	-9999
1999	128.96	23	-11.94	87.8	1.52	262.3	0.02	0.02	2.46	191.25	238.1	0	-9999
1999	129	0	-12.06	89	1.74	250.05	0.01	0.01	-0.55	215	247.58	0	13.9155
1999	129.04	1	-11.34	90.45	1.87	284.9	0.1	0.1	12.97	242.4	257.53	0	13.0006
1999	129.08	2	-11.57	93.2	2.47	288.9	0.9	0.79	9.77	255.75	261.99	0	12.2256
1999	129.13	3	-11.56	94.15	2.32	285.35	7.96	7.13	12.26	258.9	263.28	0	11.5657
1999	129.17	4	-11.47	93.65	2.22	285.9	33.21	29.55	15.81	258.35	263.45	0	11.0009
1999	129.21	5	-11.87	93.15	1.91	279.85	74.57	65.89	13.45	255	262.93	0	10.5146
1999	129.25	6	-11.4	92.45	1.63	250.15	124.5	111	37.03	259.25	265.66	0	10.0934
1999	129.29	7	-11.11	91.45	1.06	308.2	210.85	185.8	32.06	257.45	269.77	0	9.7261
1999	129.33	8	-11.01	90.95	0.54	188.35	312.75	272	47.68	255.15	273.57	0	9.4127
1999	129.38	9	-11.01	90.55	0.38	272.35	380.45	324.5	35.89	232.4	272.34	0	9.1614
1999	129.42	10	-10.9	90	0.31	229.2	556.7	475.05	67.24	207.7	270.6	0	8.9814
1999	129.46	11	-10.75	89.35	0.35	201.85	714.5	603.55	76.65	193.3	276.37	0	8.8292
1999	129.5	12	-10.3	87.85	0.5	197	727.5	602.95	84.05	189.9	276.62	0	8.6792
1999	129.54	13	-10.05	84.9	0.93	247.25	715.5	582.6	78.24	187.45	276.7	0	8.5491
1999	129.58	14	-9.97	82.9	0.88	238.6	672.3	535.55	69.47	186.05	275.7	0	8.3874
1999	129.63	15	-9.81	82.3	1.58	248.9	598.55	466	72.06	184.8	271.67	0	8.2137
1999	129.67	16	-10.15	81.45	1.75	263.3	502.45	381.05	53.1	184.45	267.6	0	8.049
1999	129.71	17	-10.41	81.35	1.14	258.25	393.05	287.15	70.02	183.8	260.85	0	7.862
1999	129.75	18	-10.75	84.6	1.59	281.95	81.59	67.07	43.63	181.8	243.44	0	7.6926
1999	129.79	19	-11.16	85.75	1.8	282.9	36.67	34.38	26.81	182.75	239.17	0	7.5382
1999	129.83	20	-11.34	88.5	1.76	279.4	24.04	22.42	21.49	183.2	238.07	0	7.3965
1999	129.88	21	-11.32	91.25	1.43	283.6	10.79	9.74	15.67	192.75	237.85	0	7.2655
1999	129.92	22	-11.74	92.85	2.29	277.45	1.68	1.63	2.7	191.95	241.15	0	7.3
1999	129.96	23	-11.26	92.2	1.63	281.1	0.03	0.03	5.68	191.3	236	0	7.03
1999	130	0	-11.77	91.5	1.58	278.4	0	0	-4.16	195.7	234.82	0	6.9232
1999	130.04	1	-11.87	91.5	1.37	270.2	0.03	0.02	4.05	211.65	238.17	0	6.8225
1999	130.08	2	-11.77	92.95	1.25	273.2	0.74	0.62	8.26	218.25	240.38	0	6.727
1999	130.13	3	-12.53	92.1	1.77	279.75	8.54	7.5	16.49	221.8	242.15	0	6.6363
1999	130.17	4	-12.42	90.7	1.51	272.75	37.99	32.23	22.58	231.8	246.79	0	6.5497
1999	130.21	5	-12.41	90.75	0.87	292.25	118.05	93.89	17.07	218.55	244.69	0	6.4669
1999	130.25	6	-12.03	90.6	0.76	288.6	233.15	183.45	29.26	208.25	249.74	0	6.3875
1999	130.29	7	-11.45	90.6	0.29	232.6	377.95	302.15	32.22	209.2	263.31	0	6.3113
1999	130.33	8	-10.42	90.9	0.39	184.7	597	452.9	50.75	209.9	276.65	0	6.2378
1999	130.38	9	-10.17	91	0.61	59.4	662.15	500.25	64.32	193.95	276.3	0	6.2192
1999	130.42	10	-9.9	90.7	0.35	216.95	616.45	493.95	69.83	215.1	281.11	0	6.2168
1999	130.46	11	-9.66	90.55	0.38	18.75	664.35	534.8	-999	204.9	280.97	0	6
1999	130.5	12	-9.21	89.5	0.75	56.45	724.2	579.2	73.83	203.5	283.49	0	6.2692
1999	130.54	13	-9.18	85.05	0.44	156.9	741.5	584.5	78.85	195.2	284.6	0	6.3069
1999	130.58	14	-8.63	82.65	0.37	305.25	681.4	528.3	61.64	191.85	282.35	0	6.2777
1999	130.63	15	-8.8	84.55	0.66	213.13	539.25	416.3	68.14	206.05	281.25	0	6.2182
1999	130.67	16	-8.92	84.55	0.36	201.12	378.45	293.5	51.88	219.85	277.67	0	6.1125
1999	130.71	17	-9.27	84.2	1.25	263.8	342.35	258.5	42.83	212.2	269.16	0	5.9899
1999	130.75	18	-10.07	83.1	1.99	272.6	191	152.45	49.46	237.3	270.08	0	5.8811
1999	130.79	19	-9.87	84.25	1.06	260.7	98.8	81.1	34.87	249.1	272.21	0	5.7837
1999	130.83	20	-9.61	82.85	1.38	298.2	34.35	28.31	-16.06	210.55	256.09	0	5.6958
1999	130.88	21	-10.67	83.5	2.16	277.3	12.75	11.41	-18.11	189.6	247.81	0	5.6161
1999	130.92	22	-10.16	82.1	2	275.7	3.06	2.98	-13.14	203.25	247.52	0	5.5431
1999	130.96	23	-9.52	79.85	0.68	295.7	0.43	0.38	-4.63	252.3	263.16	0	5.4758
1999	131	0	-9.49	80.15	0.73	193.2	0.09	0.09	-4.32	257.45	266.48	0	5.4135
1999	131.04	1	-9.66	80.2	0.83	189.8	0.13	0.13	-3.76	258.65	266.85	0	5.3553
1999	131.08	2	-9.26	82.25	0.73	5.1	1.38	1.21	-2.94	262.2	268.09	0	5.3006
1999	131.13	3	-9.43	82.6	0.77	197.75	9.72	8.3	-2.17	262.45	268.64	0	5.2491
1999	131.17	4	-9.53	82.55	0.9	283.6	29.49	25.25	-1.43	259.65	268.39	0	5.2003
1999	131.21	5	-9.26	82.9	0.66	142.35	73.72	62.5	-4.43	260.5	269.25	0	5.1538
1999	131.25	6	-9.59	81.2	0.72	315.6	146.25	123.15	-6.43	258.25	270.79	0	5.1093
1999	131.29	7	-9.08	82.55	0.68	206.2	222.55	187.6	5.22	262.05	275	0	5.0668
1999	131.33	8	-9.16	82.6	0.61	319.2	301.45	253.75	6.77	262.85	278.29	0	5.034
1999	131.38	9	-8.95	81.6	0.59	204.15	376.3	317.4	-2.34	243.5	277.11	0	4.9997
1999	131.42	10	-9.34	82.95	0.86	269.25	437.4	372.6	1.21	218.9	269.85	0	4.9979
1999	131.46	11	-8.92	82.5	0.48	242.6	504.15	423.2	-16.56	229.1	280.74	0	5.0143
1999	131.5	12	-8.17	81.85	0.5	176.25	504.65	417.9	8.42	241.8	283.98	0	5.0096
1999	131.54	13	-8.48	83.45	0.64	171.15	455.4	379.35	2.92	239.85	282.45	0	5.0418
1999	131.58	14	-7.89	82.6	0.72	175.1	512.15	415.05	23.58	240.15	286.29	0	5.0718
1999	131.63	15	-8.03	81.7	1.15	280.45	598.95	462.15	6.47	194.15	278.52	0	5.0506
1999	131.67	16	-8.08	79.75	1.67	269.05	502.3	379.65	32.81	192.1	274.68	0	4.9915
1999	131.71	17	-8.38	79.25	2.03	278.6	392.45	288.55	58.28	190.95	268.79	0	4.9155
1999	131.75	18	-8.66	79.05	1.69	279.8	92.9	76.6	-18.97	189.4	253.17	0	4.8485
1999	131.79	19	-8.91	75.5	1.74	275.65	43.67	40.04	-29.03	190.05	247.54	0	4.7888
1999	131.83	20	-8.64	74.15	1.64	260.9	28.91	26.31	-28.49	191.1	245.68	0	4.7351
1999	131.88	21	-8.22	73.6	1.75	267.95	14.19	12.72	-28.76	191.45	245.48	0	4.6866
1999	131.92	22	-8.8	74.95	2.3	272.85	3.36	3.1	-29.26	191	246.48	0	4.6423
1999	131.96	23	-8.7	75.35	2.72	275.25	0.19	0.17	-31.83	190.95	247.62	0	4.6016
1999	132	0	-9.1	77.8	2.23	271.55	0	0	-32.36	191.1	247.46	0	4.564
1999	132.04	1	-9.38	77.4	2.51	280.15	0	0	-31.08	190.9	246.3	0	4.5288
1999	132.08	2	-8.3	75.8	2.16	279.6	1.55	1.48	-31.96	192.1	245.92	0	4.4958
1999	132.13	3	-8.75	76.45	2.43	287.2	11.27	10.19	-30.11	190.55	246.03	0	4.4647
1999	132.17	4	-8.73	73.4	2.33	279.95	55.31	51.87	-24.6	191.95	248.49	0	4.4351
1999	132.21	5	-7.89	71.8	1.69	245.8	159.55	149.5	-19.81	194.15	257.46	0	4.407
1999	132.25	6	-7.76	72.55	0.74	293.65	267.35	241.75	-42.22	194.85	260.38	0	4.38
1999	132.29	7	-7.55	72.25	1.29	263.7	385.45	338.75	-56.26	196.8	268.82	0	4.354
1999	132.33	8	-7.15	72.75	1.09	250.95	497.45	426.5	-22.65	198.65	276.34	0	4.329
1999	132.38	9	-6.83	72.65	0.42	207.1	595.6	498.3	-26.65	199.85	282.21	0	4.3047
1999	132.42	10	-6.22	70.75	0.17	114	669.5	545.05	-20.73	201.25	287.9	0	4.3892
1999	132.46	11	-6.09	73.35	0.27	252.74	716.5	571.45	9.21	201.35	289.45	0	4.4895
1999	132.5	12	-6.14	75.7	0.25	168.47	735.5	575.85	33.63	200.4	290.58	0	4.587
1999	132.54	13	-5.68	74.85	0.31	170.05	720	554.45	35.9	198.55	290.55	0	4.668
1999	132.58	14	-5.54	75.95	0.39	295.7	675.05	509	43.67	197.05	289.67	0	4.6716
1999	132.63	15	-6.02	76.7	1.38	259.5	602.3	449.95	44.55	195.55	286.34	0	4.6313
1999	132.67	16	-6.22	75.4	2.03	273.1	509	374.55	38.92	194.75	282.65	0	4.5672
1999	132.71	17	-6.65	71.2	1.97	278.2	400.1	287.7	30.63	195.35	277.37	0	4.4742
1999	132.75	18	-6.86	70.65	2.49	286.4	90.82	73.57	-19.4	193.7	262.6	0	4.3949
1999	132.79	19	-7.7	72.05	2.88	276.2	41.22	37.89	-25.14	194.3	259.51	0	4.3267
1999	132.83	20	-7.88	72.6	3.11	271.15	28.28	25.81	-23.94	194.05	256.52	0	4.2678
1999	132.87	21	-7.41	70.8	2.39	273.85	14.38	13.01	-25.08	195	255.07	0	4.2164
1999	132.92	22	-7.2	72.15	2.48	278.4	3.65	3.35	-25.85	194.95	253.1	0	4.1713
1999	132.96	23	-7.17	73.05	1.44	255.85	0.21	0.19	-38.72	195.25	251.84	0	4.1314
1999	133	0	-6.9	73.25	2.04	265.3	0	0	-28.76	196	251.86	0	4.0957
1999	133.04	1	-7.07	72.55	1.49	272.6	0	0	-27.58	194.85	249.46	0	4.0635
1999	133.08	2	-7.8	74.05	1.73	288	1.69	1.55	-27.03	193.75	249.11	0	4.0343
1999	133.13	3	-7.48	74.7	2.43	283.05	11.51	10.4	-25.1	193.8	250.64	0	4.0075
1999	133.17	4	-7.27	72.6	2.14	284.15	50.28	44.74	-15.11	195.15	252.17	0	3.9827
1999	133.21	5	-6.49	71.35	1.51	309.25	146.3	130.75	0.36	197.85	261.24	0	3.9596
1999	133.25	6	-6.2	70.19	1.2	341.3	253.75	222.1	-29.42	200.25	269.67	0	3.938
1999	133.29	7	-5.47	69.39	1.44	172.85	377.05	322.85	-24.99	201.9	277.26	0	3.9175
1999	133.33	8	-5.18	67.79	1.63	4.1	483.55	404.55	-21.56	203.65	281.52	0	3.8981
1999	133.38	9	-4.82	67.32	2.14	40.75	578.65	474.05	-9.26	204.75	285.74	0	3.8795
1999	133.42	10	-5.08	67.81	2.37	320.9	656.8	529	7.24	206.7	288	0	3.9198
1999	133.46	11	-4.63	68.2	1.59	346.9	700.6	555.7	11.71	208.05	290.79	0	3.9797
1999	133.5	12	-4.27	64.53	1.33	327.15	703.05	549.1	9.39	206.95	291.38	0	4.0285
1999	133.54	13	-4.51	64.68	1.76	299.6	692.5	533.8	7.39	202.1	289.8	0	4.1017
1999	133.58	14	-4.15	67.49	1.43	156.15	675.9	512.75	25.17	203.55	289.44	0	4.1562
1999	133.63	15	-4.61	68.84	1.46	180.6	611.15	455.15	30.1	204.6	290.35	0	4.1774
1999	133.67	16	-4.12	68.7	1.5	158.6	510.9	373.2	33.84	202.6	286.27	0	4.1563
1999	133.71	17	-4.39	69.72	0.78	140.85	354.25	254.2	15.73	200.95	279.77	0	4.0714
1999	133.75	18	-5.97	74	1.63	274.8	89.65	75.32	-35.94	199.15	264.71	0	3.9994
1999	133.79	19	-6.32	73.4	2.43	273.45	56.43	50.09	-38.69	198.95	262.3	0	3.9381
1999	133.83	20	-7.05	73.3	2.57	270.65	35.03	30.44	-36.97	201.85	260.55	0	3.8856
1999	133.87	21	-6.44	71.9	2.11	279.55	20.26	16.95	-32.85	211.75	261.34	0	3.8402
1999	133.92	22	-6.1	70.6	2.01	280.75	4.82	4.28	-41.79	200.45	257.06	0	3.8007
1999	133.96	23	-5.78	71	1.49	285.2	0.28	0.26	-45.11	201.6	253.63	0	3.7661
1999	134	0	-5.99	71.9	1.58	275.5	0	0	-47.36	198.85	254.52	0	3.7354
1999	134.04	1	-6.28	72.65	1.2	253.2	0	0	-47.15	198.6	254.2	0	3.7081
1999	134.08	2	-6.07	72	0.87	302.3	2.26	1.78	-46.33	197.75	251.54	0	3.6834
1999	134.13	3	-6.06	71.15	0.77	295.4	13.18	11.33	-43.6	197.5	249.18	0	3.661
1999	134.17	4	-6.18	69.38	2.01	293.45	60.74	55.32	-36.32	198.35	255.04	0	3.6405
1999	134.21	5	-5.52	68.38	1.64	305.85	166.45	151.45	-11.15	201.3	265.72	0	3.6223
1999	134.25	6	-5.11	67.47	0.86	306.45	277.45	244.35	-29.22	202.95	271.49	0	3.6044
1999	134.29	7	-5.14	65.45	0.99	324.25	394.35	336.95	-54.74	204.6	279.57	0	3.5876
1999	134.33	8	-4.08	64.81	1.07	168.95	505.8	423.45	-42.42	205.95	287.42	0	3.5717
1999	134.38	9	-3.81	63.33	1.21	204.25	604.6	493.95	-41.62	206.95	290.36	0	3.5565
1999	134.42	10	-3.86	64.36	1.58	333.65	678.25	544.35	-18.99	207.5	292.93	0	3.6111
1999	134.46	11	-3.82	64.66	1.6	38.95	726.5	572.55	0.97	207.15	294.88	0	3.7152
1999	134.5	12	-3.17	64	0.75	166.2	744.5	573.65	9.75	206.05	298.36	0	3.8116
1999	134.54	13	-3.18	66.6	1.01	164.75	730.5	553.6	25.64	205.1	297.35	0	3.9204
1999	134.58	14	-3.37	65.6	0.53	170.1	684.3	509.3	35.73	204.4	298.43	0	4.0064
1999	134.63	15	-3.2	65.29	0.52	251.9	614.75	448.45	41.69	203	296.27	0	4.0196
1999	134.67	16	-3.7	67.41	1.28	266.95	523.05	376.35	45.25	201.45	292.04	0	3.9861
1999	134.71	17	-3.7	67.27	1.68	278.65	414.75	292.75	32.51	201.4	286.37	0	3.8814
1999	134.75	18	-4.56	67.25	1.91	274.1	93.07	73.92	-30.2	199.3	271.43	0	3.7937
1999	134.79	19	-5.22	68.38	3.05	273.7	40.75	37.28	-38.63	199.15	268.81	0	3.72
1999	134.83	20	-4.91	67.52	2.05	267.75	27.69	25.22	-37.96	199.05	263.48	0	3.6576
1999	134.88	21	-4.65	66.74	1.93	284.1	14.98	13.52	-38.82	198.75	260.27	0	3.6046
1999	134.92	22	-5.06	63.88	2.77	280.65	5	4.59	-50.94	198.2	262.87	0	3.5592
1999	134.96	23	-4.3	60.33	2.29	285.2	0.54	0.5	-44.72	198	259.47	0	3.5202
1999	135	0	-4.98	60.94	1.65	282.6	0	0	-44.53	196.2	254.18	0	3.4863
1999	135.04	1	-4.93	57.79	1.68	286	0.07	0	-44.23	195.1	251.93	0	3.4566
1999	135.08	2	-4.96	52.32	2.37	285.7	3.71	3.13	-43.19	195.6	253.18	0	3.4304
1999	135.12	3	-5.05	48.83	1.79	284.15	13.67	12	-41.19	193.65	250.92	0	3.4071
1999	135.17	4	-4.4	54.11	1.11	285.9	66.82	60.25	-27.58	195.25	250.03	0	3.3862
1999	135.21	5	-4.57	53.47	1.22	293.85	179.35	161.55	-17.82	197.35	261.73	0	3.3676
1999	135.25	6	-4.14	50.85	1.09	294.85	289.4	252.75	-46.26	199.45	270.52	0	3.3501
1999	135.29	7	-4.03	57.71	0.45	180.75	404.35	340.8	-42.54	201.2	278.74	0	3.3339
1999	135.33	8	-4.45	62.42	0.51	140.05	514.8	423.7	-38.6	203.4	287.46	0	3.3188
1999	135.38	9	-3.84	59.03	0.04	288.7	611.45	490.3	-11.31	204.85	295.98	0	3.3047
1999	135.42	10	-3.5	58.65	0.17	286.65	685	535.3	-7.45	206.5	298.42	0	3.4215
1999	135.46	11	-3.42	64.43	0.23	161.88	730.5	561.55	8.29	208.85	299.57	0	3.544
1999	135.5	12	-2.84	65.82	0.32	264.9	747	563.95	29.74	207.75	300.6	0	3.6668
1999	135.54	13	-3.24	67.89	0.31	228.7	732	544.1	46.74	206.3	299.7	0	3.7621
1999	135.58	14	-3.38	70.15	0.56	241.8	688	504.9	44.78	206.2	300.03	0	3.8001
1999	135.63	15	-3.26	69.91	1.41	258.2	619.25	450.25	42.88	204.45	297.42	0	3.797
1999	135.67	16	-3.36	70.15	1.89	271.05	527.6	378.1	43.58	204.1	293.89	0	3.7393
1999	135.71	17	-4.06	70.49	2.15	271.85	396.3	280.1	27.4	204.9	288.25	0	3.6375
1999	135.75	18	-4.64	71.96	1.31	311.2	120.3	94.36	-24.08	206.5	275.42	0	3.5523
1999	135.79	19	-4.86	69.44	2.16	278.05	57.15	49.8	-33.26	202.65	269.76	0	3.4809
1999	135.83	20	-4.91	72.55	1.43	293.6	37.94	32.65	-34.68	201.45	264.26	0	3.4207
1999	135.88	21	-5.32	74.25	1.97	281.55	23.74	19.55	-30.77	206.95	265.08	0	3.3696
1999	135.92	22	-4.86	72.45	1.87	274.9	5.83	5.15	-36.03	205.8	263.47	0	3.3262
1999	135.96	23	-5.19	72	2.73	287.9	0.52	0.48	-50.15	201.5	263.23	0	3.2888
1999	136	0	-5.61	72.85	3.68	294.4	0.1	0.09	-43.78	199.7	265.05	0	3.2566
1999	136.04	1	-4.88	70.6	3.95	296.45	0.32	0.29	-47.06	199.05	267.55	0	3.2285
1999	136.08	2	-5.14	69.08	3.96	284.8	2.88	2.61	-46.99	199.6	268.46	0	3.2038
1999	136.13	3	-4.63	67.39	4.36	280.25	13.07	11.92	-44.92	201.1	270.1	0	3.1819
1999	136.17	4	-4.06	66.56	4.3	272.75	51.78	45.57	-29.52	213.15	275.98	0	3.1623
1999	136.21	5	-3.74	67.33	3.81	276.2	166.05	145.55	-17.47	217.35	281.35	0	3.1446
1999	136.25	6	-3.74	72	3.93	275.75	286.1	245.55	-32.46	220.35	286.98	0	3.1285
1999	136.29	7	-3.52	72.95	3.03	284.5	364.7	307.85	-19.68	238.9	292.16	0	3.1136
1999	136.33	8	-3.23	73.15	2.97	296.55	482.15	399.7	-6.9	247.85	296.13	0	3.1088
1999	136.38	9	-3	74.55	2.55	322.7	438	363.95	5.03	262.55	297.15	0	3.0975
1999	136.42	10	-2.74	74.85	4.14	285.25	427.8	355.8	17.45	269.4	297.07	0	3.0965
1999	136.46	11	-2.69	71.85	2.98	297.85	460.7	380.45	9.76	254.95	296.41	0	3.0829
1999	136.5	12	-2.57	74.65	2.18	305.4	324.6	267.45	-6.92	241.7	291.24	0	3.1173
1999	136.54	13	-2.39	76.2	2.03	288.2	413.65	343.1	24.7	281	299.33	0	3.1286
1999	136.58	14	-2.53	77.25	2.62	297.05	373.55	312.5	17.81	278.95	299.2	0	3.1191
1999	136.63	15	-3.22	79.6	3.35	275.9	330.5	279.3	12.36	280.05	298.98	0	3.1012
1999	136.67	16	-2.74	78.35	3.87	283.1	277.35	235.95	0.41	272.05	296.57	0	3.0826
1999	136.71	17	-2.72	74.9	2.14	305.85	189.2	163.45	-6.86	273.05	295.17	0	3.06
1999	136.75	18	-2.64	76.75	2.72	312.45	119.2	104.4	-11.19	273.45	293.42	0	3.0399
1999	136.79	19	-3.26	82.3	2.74	311.65	68.56	60.99	-7.27	281.45	294.04	0	3.0219
1999	136.83	20	-3.28	81.9	5.55	288.2	29.68	27.16	-18.2	266.75	291.43	0	3.0055
1999	136.88	21	-4.19	82	8.43	284.85	18.35	16.96	-39.38	228.85	284.38	0	2.9906
1999	136.92	22	-4.59	82.8	7.72	283.65	5.74	5.51	-47	218.95	281.51	0	2.9768
1999	136.96	23	-4.56	84.05	6.69	285.75	1.16	1.06	-46.03	223.15	279.94	0	2.964
1999	137	0	-4.37	76.75	6.78	291.7	0.34	0.31	-42.11	228.3	279.66	0	2.952
1999	137.04	1	-4.32	74.2	5.29	283.65	0.81	0.74	-33.39	238.75	279.13	0	2.9406
1999	137.08	2	-4.13	68.63	3.45	251.35	4.29	3.89	-27.12	245.45	278.11	0	2.9297
1999	137.13	3	-4.39	75.75	3.76	280.1	21.84	18.93	-18.26	255.3	282.03	0	2.9193
1999	137.17	4	-4.32	73.85	5.35	291.1	58.43	51.11	-21.17	247.85	282.32	0	2.9092
1999	137.21	5	-3.87	76.6	3.64	292.55	111.5	100.1	-9.23	270.7	287.02	0	2.8995
1999	137.25	6	-4.24	83.85	1.82	167.85	138.15	124.2	1.4	282.75	288.79	0	2.89
1999	137.29	7	-4.1	81.45	1.79	333.9	203.65	181.05	1.13	280.35	290.97	0	2.8808
1999	137.33	8	-3.92	78	3.46	304	350.25	310.5	-18.06	262.3	292.01	0	2.8717
1999	137.38	9	-3.01	73.55	3.33	297.5	550.65	487.05	-16.68	266.45	298.87	0	2.8675
1999	137.42	10	-2.78	76.75	5.42	277.05	468.7	416.45	2.65	281.25	296.84	0	2.8591
1999	137.46	11	-2.55	74.8	7.9	281.35	429.95	387.8	5.36	290.85	296.52	0	2.8529
1999	137.5	12	-2.6	73.65	7.43	260.95	425.1	384.4	5.34	292.7	295.58	0	2.8472
1999	137.54	13	-2.94	74.05	6.38	258.5	387.35	353.9	2.01	292.95	295.19	0	2.8388
1999	137.58	14	-2.98	76.55	7.57	235.5	316.65	295.15	-4.47	294.05	293.82	0	2.8301
1999	137.63	15	-3.05	78.4	8.11	217.25	287.05	266.75	-3.26	293.25	293.38	0	2.8231
1999	137.67	16	-3.15	81.6	6.82	201.2	265.65	245.6	-1.45	293.8	294.45	0	2.8134
1999	137.71	17	-3.03	83.8	5.06	167.2	174	161.85	-2.51	292.65	295.1	0	2.8033
1999	137.75	18	-3.04	82.15	5.74	258.95	130.55	121.2	-1.27	292.75	294.2	0	2.7935
1999	137.79	19	-2.56	80.85	6.07	205.25	90.7	83.7	-0.4	294.4	295.65	0	2.7841
1999	137.83	20	-2.19	79.45	5.99	261.5	48.4	44.42	-1.12	294.8	296.76	0	2.775
1999	137.88	21	-2.25	81.4	7.1	257.95	25.91	23.4	-1.88	295.1	297.02	0	2.7661
1999	137.92	22	-1.73	81.1	5.38	122.15	6.4	5.77	-3.99	295.15	298.23	0	2.7573
1999	137.96	23	-1.57	81.25	5.27	291.35	2.5	2.21	-5.44	294.45	299.54	0	2.7488
1999	138	0	-1.66	85	5.47	276.8	0.78	0.74	-3.95	296.85	299.61	0	2.7403
1999	138.04	1	-1.49	86.75	4.91	322.1	1.3	1.25	-4.28	297.35	301.1	0	2.732
1999	138.08	2	-0.83	85	5.28	280.55	4.88	4.51	-4.51	298.65	302.62	0	2.7238
1999	138.13	3	-0.44	86	4.8	118.7	24.81	21.82	-1.37	301.5	304.39	0	2.7159
1999	138.17	4	0.47	83.15	5.72	286.65	116.85	100.4	6.14	303.5	307.73	0	2.7129
1999	138.21	5	0.41	81.3	5.37	300.5	171.85	153.25	2.4	304.4	309.32	0	2.7048
1999	138.25	6	0.21	80.95	7.3	215.2	151.35	135.55	0.8	305.25	308.3	0	2.6959
1999	138.29	7	0.26	82.05	6.72	223.65	158	140.95	1.96	304.45	306.77	0	2.6873
1999	138.33	8	0.02	80.05	5.66	222.35	240.25	218.3	2.07	306.25	307.11	0	2.679
1999	138.38	9	-0.12	78.65	6.26	222.65	307.45	282.15	0.27	306.8	307.45	0	2.6875
1999	138.42	10	0.43	78.05	6.45	204.35	436.65	395.1	1.28	306.2	307.68	0	2.776
1999	138.46	11	0.87	75.45	6.65	218.15	679.15	591.45	9	303.85	310.45	0.5	2.8319
1999	138.5	12	0.77	76.05	5.73	195.46	658.5	567.25	15.53	304.3	310.67	0.5	2.8549
1999	138.54	13	0.03	77.8	4.31	220.25	544	472.3	14.07	303.8	310.52	0	2.8424
1999	138.58	14	0.28	80.2	4.85	205.15	384.4	337.15	8.43	303.1	308.34	0	2.8072
1999	138.63	15	-0.59	82.65	6.51	195.82	270.35	240.7	5.09	302.85	305.65	0	2.7761
1999	138.67	16	-0.79	83.75	4.56	302.6	215.3	193.8	1.72	302.35	306.27	0	2.7463
1999	138.71	17	-0.81	83.2	4.73	9.55	146.2	132.15	0.67	301.35	305.92	0	2.7192
1999	138.75	18	-0.39	82.05	4.87	165.05	107.1	97.25	-0.09	301.9	305.98	0	2.6947
1999	138.79	19	-0.26	81.25	4.44	202.95	69.87	63.96	-0.86	302.35	305.84	0	2.6731
1999	138.83	20	0.21	81.55	4.79	206.3	41.02	37.74	-2.1	302.2	306.01	0	2.6541
1999	138.88	21	-0.67	86.25	4.01	62	19.04	17.63	-2.75	301.3	304.85	0	2.6372
1999	138.92	22	-1.2	93.05	3.91	57.9	6.78	6.36	-2.46	301.05	304.23	0	2.6219
1999	138.96	23	-0.36	85.45	3.66	173.4	2.18	2.09	-3.88	302.45	306.09	0	2.608
1999	139	0	-0.08	81.05	3.63	180.55	1.06	0.97	-8.3	295	303.91	0	2.5953
1999	139.04	1	-0.01	80	3.34	150.5	1.68	1.52	-10.23	292.4	303.2	0	2.5835
1999	139.08	2	-0.24	82.3	3.85	161.15	4.8	4.55	-5.16	300	305.24	0	2.5725
1999	139.12	3	0.36	80.25	3.39	183.9	23.4	20.75	-3.37	299.85	305.43	0	2.5621
1999	139.17	4	0.34	80.2	3.28	136.6	77.1	66.65	-2.71	293.55	305.02	0	2.5523
1999	139.21	5	-0.2	78.25	3.53	340.25	135.55	118.5	-14.11	271.1	301.71	0	2.5546
1999	139.25	6	-0.72	83.45	3.78	56.4	347.15	315.6	-32.31	264.4	304	0	2.5434
1999	139.29	7	-0.8	80.9	4.09	168	515.15	466.3	-53.81	254	307.2	0	2.5329
1999	139.33	8	-0.38	71.31	3.05	351.55	587.35	524.95	-61.28	233.85	306.14	0	2.523
1999	139.38	9	-0.25	73.85	7.97	256.6	661.55	578.85	-44.89	231.25	304.8	0	2.5136
1999	139.42	10	-1.01	74.05	12.31	260.2	723.5	614.75	-25.77	229.5	304.12	0	2.5361
1999	139.46	11	0.56	68.07	11.65	269.85	749	614.75	-6.81	224.55	304.77	0	2.5925
1999	139.5	12	0.75	60.46	7.93	273.2	788	638.15	0.5	222.4	306.19	0	2.6811
1999	139.54	13	0.47	62.96	4.11	283.3	767.5	616.65	6.35	222.15	308.4	0	2.7707
1999	139.58	14	1.08	64.57	3.54	280.15	722	573.45	13.2	221.75	307.54	0	2.8121
1999	139.63	15	0.37	72.86	5.25	294.05	618.2	487.35	15.46	232.45	307.04	0	2.7873
1999	139.67	16	-0.42	75.3	4.45	286.7	423.8	331.4	2.43	229.65	302.27	0	2.7211
1999	139.71	17	-0.17	75.65	5.48	280.75	88.15	79.2	-45.47	222.6	294.17	0	2.6656
1999	139.75	18	-0.31	74.1	5.98	271.45	53.75	50.72	-52.46	215	291.4	0	2.6189
1999	139.79	19	1.2	42.53	10.1	271.2	42.37	40.31	-57.87	209.25	291.64	0	2.5794
1999	139.83	20	0.63	47.68	5.37	301.95	29.06	27.9	-56.4	210.65	287.04	0	2.5458
1999	139.88	21	0.1	70.15	4.29	288.3	16.91	16.39	-53.77	216.05	287.54	0	2.5169
1999	139.92	22	-0.02	79.95	4.34	314.85	7.64	7.58	-40.39	243.7	295.39	0	2.4921
1999	139.96	23	0.41	80.65	3.65	286.8	2.24	2.04	-44.35	237.8	294.28	0	2.4705
1999	140	0	-0.37	81.15	1.94	256.1	0.29	0.24	-54.52	215.85	280.44	0	2.4515
1999	140.04	1	-1.32	83.25	1.59	301.6	0.88	0.81	-45.14	221.9	272.17	0	2.4348
1999	140.08	2	-1.7	83.95	2.1	254.1	4.88	4.72	-43.2	224.05	273.72	0	2.4198
1999	140.12	3	-1.04	82.2	1.22	254.8	22.85	19.71	-36.78	235.05	274.92	0	2.4063
1999	140.17	4	-0.56	81.7	1.23	281.6	82.43	72.28	-19.16	259.55	283.35	0	2.3943
1999	140.21	5	-0.61	82.85	0.82	304.75	124.75	108.55	-5.14	266.8	290.48	0	2.4347
1999	140.25	6	-0.39	80.35	0.74	286.85	269.1	243.55	-23.88	254.9	297.46	0	2.4148
1999	140.29	7	0.42	79.9	0.5	317.75	502.5	442.15	-27.88	266.5	311.95	0	2.3972
1999	140.33	8	1.49	79.65	0.72	149.2	578.3	488.85	-4.99	268.6	316	0	2.3816
1999	140.38	9	0.94	83.35	0.5	286.6	539.85	440.4	9.47	267.4	316	0	2.4838
1999	140.42	10	1.69	83.35	0.68	139.85	646.5	513.1	16.72	250.6	315.42	0	2.62
1999	140.46	11	2.01	81.9	0.53	267.8	721	549.75	30.97	247.15	314.67	0	2.7738
1999	140.5	12	2.55	81.2	0.37	283.85	736.5	541.7	66.14	245.75	315.75	0	2.9209
1999	140.54	13	2.15	83	0.41	327.6	726.5	518.3	92.35	241.65	315.22	0	3.0441
1999	140.58	14	2.14	84.85	0.66	178.2	688.1	481.1	84.9	236.1	312.91	0	3.1312
1999	140.63	15	1.92	87.1	0.9	303.25	612.25	424	76.4	234.35	313.46	0	3.1974
1999	140.67	16	2.15	84.4	0.61	264.8	535.8	363.35	79.4	230.9	312.64	0	3.2049
1999	140.71	17	2.08	82.45	1.18	267.7	431.75	286.15	51.23	228.1	310.61	0	3.0383
1999	140.75	18	1.53	79.55	1.95	280.2	102.58	76.47	-35.67	221.9	305.05	0	2.9007
1999	140.79	19	1.73	71.78	2.03	267.55	37.45	34.55	-52.13	219.8	299.35	0	2.7869
1999	140.83	20	1.81	68.23	1.54	284.4	31	27.62	-51.38	220.1	294.77	0	2.6925
1999	140.88	21	1.88	56.8	2.12	273.8	16.66	15.22	-51.85	219.3	289.61	0	2.614
1999	140.92	22	1.93	56.02	1.96	276.55	6.36	5.93	-54.38	218.8	285.86	0	2.5485
1999	140.96	23	2.49	40.41	2.27	272.1	1.63	1.47	-49.51	229.45	285.36	0	2.4938
1999	141	0	2.84	31.35	2.36	280.1	0.74	0.56	-51.37	227.85	284.29	0	2.4477
1999	141.04	1	3.07	28.98	1.72	288.25	1.22	0.84	-54.38	224.95	280.63	0	2.4089
1999	141.08	2	3.82	25.18	1.31	299.1	4.78	3.9	-57.81	220	276.37	0	2.3759
1999	141.13	3	4.09	23.16	0.92	328	16.9	13.84	-53.31	224.15	274.35	0	2.3477
1999	141.17	4	6	16.34	2.95	298.85	89.43	79.34	-47.82	235.15	286.83	0	2.3394
1999	141.21	5	8.98	12.02	6.49	252.75	234.35	204.55	-23.08	256.05	306.2	0	2.3731
1999	141.25	6	8.88	19.2	4.22	260.4	277.1	234.3	-13.09	261	312.71	0	2.3419
1999	141.29	7	8.99	28.9	3.11	287.8	370.7	304.6	-8.4	258.25	316	0	2.3152
1999	141.33	8	8.58	29.58	2.53	316.25	519.8	410.65	2.67	254.4	316	0	2.2923
1999	141.37	9	7.71	28.8	1	2.85	617.5	470.9	19.89	252.6	316	0	2.4067
1999	141.42	10	7.61	29.42	0.98	128.1	674.85	501.95	46	253.35	315.79	0	2.5413
1999	141.46	11	7.61	34.78	1.49	281.8	728	531.15	79.7	252.45	316	0	2.702
1999	141.5	12	8.36	33.03	0.93	289.4	753	537.9	84.35	251.8	315.99	0	2.8572
1999	141.54	13	8.47	33.54	1.13	280.65	739	520.55	91.2	249.25	316	0	3.0012
1999	141.58	14	8.84	47.2	4.34	258.25	701.5	484.6	93.95	249.75	315.89	0	3.109
1999	141.63	15	8.35	43	2.95	275.5	633.15	430.3	75.65	246.45	316	0	3.1907
1999	141.67	16	9.19	43.93	2.76	264.25	535.2	358.15	61.51	250.15	315.83	0	3.2344
1999	141.71	17	9.32	49.68	3.34	235.45	425.65	277.75	53.47	253.75	314.89	0	3.0622
1999	141.75	18	8.28	55.04	3.28	260.2	108.15	79.09	-27.35	252	315.19	0	2.9009
1999	141.79	19	7.66	54.98	2.22	276.3	42.25	36.89	-46.55	251.25	314.83	0	2.7665
1999	141.83	20	8.02	54.14	1.33	307.35	35.58	29.53	-45.53	251.55	312.56	0	2.6553
1999	141.88	21	7.75	55.94	0.92	281.85	27.99	21.72	-42.44	254.55	310.97	0	2.5632
1999	141.92	22	7.32	57.97	1.28	314.6	15.6	10.98	-29.77	273.5	312.93	0	2.489
1999	141.96	23	7.16	58.03	0.87	177.35	4.85	2.63	-5.11	316.65	316	0	2.4248
1999	142	0	5.74	62.97	0.91	313.05	1.39	0.44	-23.56	289.9	315.39	0	2.3711
1999	142.04	1	5.56	63.78	0.73	279.2	2.34	1.36	-19.85	292.15	314.56	0	2.326
1999	142.08	2	5.01	66.26	0.69	265.15	7.75	5.61	-13.89	298.35	314.07	0	2.288
1999	142.13	3	5.22	68.19	0.68	276.75	26.11	19.85	-31.47	268.25	310.35	0	2.2574
1999	142.17	4	4.41	72.65	1.03	305.2	95.28	75.54	-24.29	262.55	310.67	0	2.2617
1999	142.21	5	5.66	69.01	0.91	316.55	173.85	143.05	-23.72	253.4	314.54	0	2.3193
1999	142.25	6	5.93	68.32	1.51	196.4	303.9	242.95	-14.73	246.3	316	0	2.2781
1999	142.29	7	5.9	62.67	1.81	196.3	420.6	327.5	-13.61	244.9	316	0	2.2433
1999	142.33	8	5.97	60.26	1.68	180.8	523.9	400	-11.67	246.85	316	0	2.2137
1999	142.38	9	5.75	60.15	1.52	181.7	614.05	460	16.15	249.3	316	0	2.3218
1999	142.42	10	5.45	67.98	1.98	324.6	688.35	506.65	55.76	251.8	316	0	2.4747
1999	142.46	11	4.99	77.1	2.18	335	763.5	551.35	99	264.4	316	0	2.6244
1999	142.5	12	4.97	79.6	2.42	298.75	693.2	501.9	103.65	287.95	315.86	0	2.6839
1999	142.54	13	3.29	88.6	1.88	16.3	443.15	337.35	66.97	318.1	316	0	2.6638
1999	142.58	14	3.18	91.2	1.8	185.4	254.2	203.15	33.87	322.45	316	0	2.6361
1999	142.63	15	3.78	89.4	1.33	345.4	208.35	164.55	25.44	312.75	316	0	2.6296
1999	142.67	16	4.39	88.25	1.52	179.35	220.85	170.45	25.68	305.55	316	0	2.6291
1999	142.71	17	5.3	80.7	1.35	348.05	197.5	151.7	19.9	303.8	316	0	2.576
1999	142.75	18	5.56	75.9	1.98	25.4	101.9	80.55	8.13	312.1	316	0	2.4932
1999	142.79	19	5.27	74.75	3.63	159.5	36.2	29.9	4.69	325.1	316	0	2.4181
1999	142.83	20	5.05	75.95	4.29	328.85	11.25	9.24	0.94	324.5	316	0	2.3512
1999	142.88	21	5.11	73.8	3.95	165.2	5.86	4.58	0.64	324.9	316	0	2.2958
1999	142.92	22	4.89	77.6	5.32	291.05	1.35	0.99	0.68	326.9	316	0	2.8034
1999	142.96	23	3.99	94.6	4.87	153.5	0.16	0.07	2.46	327.85	316	3	3.35
1999	143	0	4	99.05	5.32	323.35	0.09	0	3.59	331.4	316	4	3.6674
1999	143.04	1	3.94	99.35	4.42	177.2	0.16	0	3.51	331.85	316	2.5	4.1399
1999	143.08	2	4.06	99.5	4.51	337.85	0.39	0.1	3.1	331.3	316	3.5	5.0009
1999	143.13	3	4.05	99.5	4.89	174	2.22	1.53	3.54	331.9	316	6	5.515
1999	143.17	4	4	99.5	5.32	198.7	5.11	3.86	4.2	331.6	316	4	5.5345
1999	143.21	5	3.52	99.55	4.34	31.65	8.79	6.86	3.8	328.8	316	1	5.5626
1999	143.25	6	3.66	99.6	4.46	4.15	9.77	7.65	3.7	329.35	316	1	5.5138
1999	143.29	7	2.61	99.5	4.24	56.45	12.9	10.14	4.32	325.15	316	1	5.4774
1999	143.33	8	2.38	99.65	3.95	60.9	20.07	15.9	6.86	322.9	316	2	5.4125
1999	143.38	9	2.32	99.8	3.49	29.2	34.72	27.6	11.76	322.65	316	1	5.3471
1999	143.42	10	1.92	99.8	3.09	340.65	38.12	30.16	13.75	322.55	316	2	5.2805
1999	143.46	11	2.12	99.7	3.06	325.1	58.42	46.06	21.72	322.9	316	1	5.1975
1999	143.5	12	1.51	99.85	1.93	325.95	115.5	91.25	37.78	319.55	316	1	5.111
1999	143.54	13	1.53	98.25	2.59	27.9	91.05	74.84	28.73	316.75	315.91	0.5	5.0253
1999	143.58	14	1.44	91.4	2.68	170	134.25	110.55	38.94	316.35	315.84	0.5	4.9694
1999	143.63	15	2.49	85.6	2.49	8.65	193.55	155.3	56.46	317.95	316	0.5	4.8834
1999	143.67	16	0.69	92.8	1.57	57.4	160.15	129.2	43.15	313.3	315.17	0	4.7978
1999	143.71	17	0.12	96.4	1.33	40.75	157.65	128.6	35.67	308.75	314.35	0	4.7138
1999	143.75	18	-0.17	98.1	0.5	311.45	134	108.75	25.83	301.6	312.93	0	4.6322
1999	143.79	19	0.07	96.2	0.55	211.25	68.09	56.28	11.48	302.65	312.54	0	4.5529
1999	143.83	20	-0.62	95.8	0.7	267.95	46.22	37.78	6.99	303.1	312.17	0	4.4758
1999	143.88	21	-0.66	99.4	0.5	262.45	19.47	15.89	1.3	303.7	312.07	0	4.4009
1999	143.92	22	-0.48	95.3	0.56	334.25	7.13	6.15	-2.74	303.35	311.4	0	4.3281
1999	143.96	23	-0.32	97.35	1.12	34.15	1.48	1.27	-3.99	310.2	313.17	0	4.2573
1999	144	0	-0.29	99.55	0.92	114.8	0.57	0.49	-6.86	311.05	312.97	0	4.1884
1999	144.04	1	-0.77	99.75	1.13	114.8	0.73	0.66	-0.5	310.7	311.7	0	4.1213
1999	144.08	2	-1.07	99.8	1.24	114.8	1.88	1.74	-0.22	309.7	310.34	0	4.0561
1999	144.13	3	-1.17	99.6	0.9	114.8	12.57	11.69	-0.53	308.45	308.96	0	3.9926
1999	144.17	4	-0.97	98.65	0.46	114.8	40.47	36.79	-1.96	308.8	308.45	0	3.9392
1999	144.21	5	-1.38	98.6	0	114.8	83.99	76.35	-30.99	309.15	307.86	0	3.91
1999	144.25	6	-0.62	97.95	0	185.6	168.08	152.8	-72.71	311.35	311.04	0.5	3.8506
1999	144.29	7	-0.83	97.5	1.78	215.9	382.09	347.35	-63.83	301.75	314.54	1.5	3.7928
1999	144.33	8	-0.94	99	0.64	185.75	414.97	377.25	72.16	309.55	314.98	2	3.7494
1999	144.38	9	-0.32	98.8	0.98	50.9	385.83	350.75	31.08	299.95	314.81	0	3.7044
1999	144.42	10	-0.35	98.85	1.18	65.2	361.46	328.6	32.6	303.35	314.04	0	3.6706
1999	144.46	11	-0.75	98.95	0.73	53.85	419.02	388.45	58.03	307.2	314.93	0	3.643
1999	144.5	12	-0.49	99.05	0.61	54.25	487.6	415.35	72.94	299.5	315.97	0	3.6079
1999	144.54	13	-0.39	100	0.84	321.6	813	505.5	101.8	252.45	314.11	0	3.5569
1999	144.58	14	0.22	96.1	1.84	149.25	745.75	466.15	94.4	226.55	313.64	0	3.5071
1999	144.63	15	0.47	92.95	1.2	284.8	680.15	454.65	105.7	231.65	313.6	0	3.4584
1999	144.67	16	0.44	86.45	1.88	317.35	563	377.05	91.8	228.95	312.49	0	3.411
1999	144.71	17	1.17	76.7	2.99	304.85	437.1	293.85	73.3	246.3	312.2	0	3.3648
1999	144.75	18	1.55	81.4	1.29	312.7	195.95	142.05	20.99	281.1	313.15	0	3.3197
1999	144.79	19	1.13	81.3	0.42	28.55	137.95	98.3	8.07	275.75	311.72	0	3.2757
1999	144.83	20	0.31	92.6	0.64	162.35	46.52	35.03	-33.52	242.15	303.96	0	3.2328
1999	144.88	21	0.09	94.7	0.61	321.8	45.25	32.88	-12.31	273.35	307.42	0	3.1909
1999	144.92	22	0.1	96.5	0.25	319.1	18.87	13.56	-23.53	266.75	304.92	0	3.1501
1999	144.96	23	-0.39	97.7	0.81	157.8	4.88	3.79	-26.89	260.95	301.66	0	3.1102
1999	145	0	-0.98	99.7	1.15	277.75	2.28	2.05	-15.52	274.05	304.82	0	3
1999	145.04	1	-0.83	99.1	0.23	158.8	2.74	2.39	-9.18	289.35	305.46	0	3.0333
1999	145.08	2	-1.19	100	0.14	172.4	7.49	6.13	-4.18	296.7	308.11	0	2.9962
1999	145.12	3	-0.49	100	0.35	308.2	29.22	22.68	-2.56	291.7	308.25	0	2.96
1999	145.17	4	-0.95	100	0.19	40.6	58.64	46.28	-1.77	294.55	308.69	0	2.9247
1999	145.21	5	-0.97	100	0.79	78.75	119.9	96.91	-3.33	297.45	309.69	0	2.8901
1999	145.25	6	-1.06	100	0.84	62.85	156.85	128.2	6.55	304.55	312.04	0	2.8564
1999	145.29	7	-1	100	1.82	41.6	162.7	135.25	8.38	302.95	310.21	0	2.824
1999	145.33	8	-1.02	99	1.75	247.78	259.3	214.8	12.59	301.7	310.33	0	2.7972
1999	145.38	9	-0.88	95.9	1.56	293	356.8	296.65	17.99	303.6	310.96	0	2.7752
1999	145.42	10	-0.66	95.6	1.64	184.5	414.5	347.85	16.63	304.25	311.93	0.5	2.7514
1999	145.46	11	-0.23	90.95	1.73	179.7	391.8	329.85	22.86	303.75	311.11	0	2.7352
1999	145.5	12	-0.1	92.25	1.13	169.5	421.25	350.3	29.82	304.2	312.83	0	2.7113
1999	145.54	13	0.06	95.8	1.96	199	419.75	341.15	31.65	295.25	311.59	0	2.6864
1999	145.58	14	0.17	94.6	2.2	72.85	353.45	287.4	30.43	301.05	312.48	0	2.6606
1999	145.63	15	0.42	97.85	2.51	204	260.9	213.85	21.2	302.8	312.34	0	2.6322
1999	145.67	16	0.24	99.5	2.73	90.6	135.4	112.1	8.47	302.65	312.01	0	2.6047
1999	145.71	17	0.31	100	2.77	89.3	85.66	72.45	6.24	309.55	312.73	0	2.5784
1999	145.75	18	0.77	98.65	3.11	81.5	77.15	65.44	5.09	309.5	313.3	0	2.5519
1999	145.79	19	-0.59	100	3.06	45	46.94	42.89	1.02	310.35	310.14	0	2.5259
1999	145.83	20	-0.44	100	1.27	183.8	30.82	29.15	-0.34	311.5	311.2	0	2.4
1999	145.88	21	-0.09	100	1.43	345.75	11.73	10.66	-1.29	311.55	310.42	0	2.4757
1999	145.92	22	-0.29	100	1.32	154.75	6.8	6.18	-1.4	310.85	309.9	0	2.4514
1999	145.96	23	-0.94	100	1.45	41.8	1.9	1.72	-1.34	310.2	309.23	0	2.4276
1999	146	0	-0.56	100	1.03	75.3	1.51	1.37	-0.82	308.95	308.32	0	2.4043
1999	146.04	1	-1.24	100	0	78.95	2.04	1.85	-1.17	307.3	305.85	0	2.3815
1999	146.08	2	-1.25	100	0	57.75	5.05	4.59	-2.64	306.25	304.86	0	2.5
1999	146.13	3	-1.35	100	0	280.75	25.92	23.56	-14.06	302.9	301.48	0	2.3373
1999	146.17	4	-1.94	99.7	0	302.85	57.01	51.83	-28.67	294.4	294.42	0	2.3159
1999	146.21	5	-1.55	96.1	0	284.75	122.87	111.7	-65.27	283.5	281.71	0	2.295
1999	146.25	6	-1.49	93.6	0.03	269.45	259.43	235.85	-158.2	276.7	281.97	0	2.2745
1999	146.29	7	-0.08	89.3	0.64	277.15	443.08	402.8	-155.65	273.9	297.3	2	2.2544
1999	146.33	8	0.14	88.2	0.38	141.2	540.7	491.55	-69.01	266	306.81	5	2.2346
1999	146.37	9	-0.84	93.45	0.47	292.95	612.42	556.75	-55.3	229.55	310.47	4	2.2194
1999	146.42	10	0.13	94.4	0.49	269.2	610.21	569.45	-16.08	241.8	311.05	2.5	2.2195
1999	146.46	11	-0.15	100	0.52	142.5	811	635.75	9.16	241.8	313.56	0	2.204
1999	146.5	12	0.01	99.5	0.53	272.8	598.15	472.25	15.85	251.85	312.59	0	2.1954
1999	146.54	13	0.09	98.35	0.82	159.9	424.3	348.3	25.26	291.45	313.7	0	2.1986
1999	146.58	14	0.81	96.5	0.77	44.55	442.95	365	29.08	295.75	314.39	0	2.1852
1999	146.63	15	1.36	93.65	0.63	185.8	399	313.75	26.21	278.45	313.82	0	2.1669
1999	146.67	16	1.45	91.35	1	227.95	336.35	261.1	19.26	265.65	310.91	0	2.1489
1999	146.71	17	1.64	90.2	0.88	248.45	289	224.65	18.22	265.7	310.06	0	2.1313
1999	146.75	18	1.2	95.4	1.85	146.75	187.1	153.85	1.82	280.55	310.54	0	2.1164
1999	146.79	19	0.6	100	1.2	182.75	125.65	105.28	7.76	308	313.49	0	1.99
1999	146.83	20	0.11	100	1.34	155.85	64.45	58.54	1.47	311.2	313.27	0	2.0827
1999	146.88	21	-0.41	100	1.57	158.5	17.24	16.19	0.08	312.15	311.92	0.5	2.0663
1999	146.92	22	-0.11	100	0.94	89.7	9.09	8.26	-1.01	312.4	311.79	0	2.0502
1999	146.96	23	-0.23	100	1.03	48.25	3.72	3.38	-0.9	311.65	311.26	0	2.0344
1999	147	0	-0.01	100	1.03	49.3	1.72	1.57	-0.75	311.35	311.35	0	2.0189
1999	147.04	1	-0.64	100	0.69	203.9	2.41	2.19	-0.84	310.55	310.5	0	2.0036
1999	147.08	2	-0.43	100	0.38	145.95	6.83	6.2	-2.45	311.7	310.52	0	1.9887
1999	147.13	3	-0.84	100	0	204.85	24.06	21.87	-10.6	312.2	310.91	0	1.9838
1999	147.17	4	-0.61	100	0	91.75	59.63	54.21	-31.62	312.75	310.18	0	2.0001
1999	147.21	5	-0.73	100	0	254.8	138.71	126.1	-81.14	313.15	310.23	0	2.0003
1999	147.25	6	-0.51	100	0.09	269.2	177.93	161.75	-102.35	313.9	314.35	1.5	1.9853
1999	147.29	7	-0.25	100	1.11	307.3	142.29	129.35	-40.92	308.4	306.16	1	1.9705
1999	147.33	8	-0.11	100	0.84	268.75	466.67	424.25	-85.9	295.1	309.39	1.5	2
1999	147.38	9	0.48	97.95	0.42	306.4	577.22	524.75	-52.84	244.75	315.1	1.5	1.9702
1999	147.42	10	0.38	99.3	0.74	312	398.05	351.15	13.33	309.4	315.89	0	1.9832
1999	147.46	11	0.58	100	1.48	260.55	395.6	348.1	14.04	313.5	314.79	0	1.9924
1999	147.5	12	0.33	100	2.35	202.13	434.45	385.3	16.76	313.85	313.59	0	2.0263
1999	147.54	13	0.67	100	1.5	165.2	510.35	459.15	18.04	315.1	315.05	0	2.0454
1999	147.58	14	0.46	100	0.55	173.6	560.4	445.15	42.44	288.4	315.8	0	2.0305
1999	147.62	15	0.91	99.75	0.46	273.95	653.5	467.15	80.25	236.45	313.27	0	2.0146
1999	147.67	16	1.25	98.65	0.55	279.4	567.3	396.35	80.35	227.75	311.93	0	1.9989
1999	147.71	17	1.73	91.35	0.48	300.3	444.4	303.1	61.86	226.95	310.56	0	1.9836
1999	147.75	18	1.47	87.25	1.26	224.7	138.79	100.6	-15.41	226.95	305.8	0	1.9684
1999	147.79	19	1.63	86.6	1.97	260.2	52.08	43.72	-38.8	231.05	305.27	0	1.9535
1999	147.83	20	0.56	95.85	1.06	301.05	31.19	26.88	-43.76	227.25	300.67	0	1.9389
1999	147.88	21	-0.34	91.95	1.25	259.8	19.38	17.38	-43.91	224.15	293.95	0	1.9245
1999	147.92	22	0.26	92.9	0.94	265.05	10.82	9.7	-40.66	225.45	291.71	0	1.9104
1999	147.96	23	0.92	85.3	2.28	311.85	4.97	4.61	-42.4	232.7	296.13	0	1.8965
1999	148	0	1.14	83.25	4.61	288.75	3.13	2.85	-46.19	233.9	300.98	0	1.9
1999	148.04	1	1.15	82.1	3.19	292.1	3.91	3.66	-49.17	232.6	299.36	0	1.8693
1999	148.08	2	0.63	86.25	1.46	336.75	9.37	8.23	-49.8	228.35	293.41	0	1.8561
1999	148.13	3	0.72	82.6	2.41	303.95	19.83	17.51	-51.26	225.6	293.61	0	1.8431
1999	148.17	4	-0.34	85.1	0.99	312.85	115.45	99.29	-33.99	232.1	293.07	0	1.8302
1999	148.21	5	0.65	80.15	1.97	315	147.2	121.85	-11.53	252.8	301.58	0	1.8176
1999	148.25	6	0.74	82.4	0.75	286.95	153.25	122.7	3.85	272.2	304.86	0	1.8052
1999	148.29	7	0.39	91.45	0.39	45.9	284.9	221.8	31.89	282.9	312.46	0	1.793
1999	148.33	8	0.25	89.75	2.05	298.3	400.95	316.95	31.38	271.5	315.59	0	1.7809
1999	148.38	9	0.77	88.6	2.69	194.75	606.95	477.9	42.6	265.95	315.98	0	1.7855
1999	148.42	10	0.92	90.55	1.5	208.3	546.5	416.55	61.28	280	315.7	0	1.7939
1999	148.46	11	1.2	87.7	1.84	205.9	657.6	493.1	83.5	273.15	315.42	0	1.7823
1999	148.5	12	0.93	85.9	2.84	298.65	531.9	396.25	65	258.95	315.01	0	1.7704
1999	148.54	13	0.54	86.9	5.14	295.25	754	543.1	120.85	234.95	314.33	0	1.7586
1999	148.58	14	-0.06	92.2	6.34	293.3	638.35	456.65	101.2	250.25	312.51	0	1.7469
1999	148.63	15	0.03	89.65	7.04	293.15	380.25	279.3	55.45	269.6	310.59	0.5	1.7354
1999	148.67	16	-0.14	89.8	7.88	294.1	431.25	314	65.32	272.75	310.27	0	1.7
1999	148.71	17	-0.03	86.2	7.04	293.9	255.45	198.65	25.47	279.8	308.21	0	1.713
1999	148.75	18	-0.27	87.3	5.55	292.35	203.1	163.5	19.58	293.3	308.6	0	1.702
1999	148.79	19	-0.63	87.55	5.07	295.6	96.55	77.31	-14.75	248.2	302.35	0	1.6912
1999	148.83	20	-1.32	88.7	4.82	303.85	31.64	28.93	-40.09	220.1	294.73	0	1.6805
1999	148.88	21	-1.42	88.3	5.32	303.4	18.65	17.77	-43.54	214.2	291.39	0	1.67
1999	148.92	22	-1.66	86.8	2.76	298.15	10.64	10.17	-45.3	212.35	285.73	0	1.6597
1999	148.96	23	-2.57	87.1	2.18	279.2	5.47	5.15	-44.18	211.65	280.44	0	1.6495
1999	149	0	-2.08	86.65	1.23	281	3.23	3.17	-43.75	214.9	277.16	0	1.6394
1999	149.04	1	-2.47	86.75	1.4	263.35	4.15	3.88	-46	211.75	275.83	0	1.6295
1999	149.08	2	-1.91	86.05	1.06	311.7	11.55	9.73	-19.65	258.6	287.71	0	1.6198
1999	149.13	3	-1.49	86.9	1.08	24.4	37.26	29.79	0.17	287.2	297.11	0	1.6101
1999	149.17	4	-1.56	89.45	1.88	178.4	74.15	59.19	6.46	283.35	300.13	0	1.6007
1999	149.21	5	-2.44	92.2	1.16	152.95	110.75	88.9	10.16	289.1	301.79	0	1.5913
1999	149.25	6	-1.56	98.95	1.88	162.15	121	100.5	11.65	298.6	304.64	0	1.5821
1999	149.29	7	-1.65	99.9	1.88	183.65	146.15	122.55	12.98	301.1	306.43	0	1.573
1999	149.33	8	-1.72	100	1.89	160.65	153.1	130.35	12.21	301.9	307.13	0	1.564
1999	149.38	9	-1.42	100	2.36	189.4	190.8	164.35	13.3	303.85	307.48	0	1.5566
1999	149.42	10	-0.84	100	2.14	188.2	291.1	249.85	18.83	304.6	309.35	0	1.5482
1999	149.46	11	-1.06	100	1.97	312.1	266.15	231.8	14.07	304.85	309.45	0	1.5412
1999	149.5	12	-0.92	100	2.33	26.2	324.4	284.7	10.49	305.9	309.68	0	1.5327
1999	149.54	13	-1.33	100	2.77	73.3	245.55	224.45	-0.42	307.25	306.48	0.5	1.5246
1999	149.58	14	-0.94	100	2.07	189	252.05	231.4	-3.45	308.8	308.04	1.5	1.5163
1999	149.63	15	-1.03	100	3.03	151.85	211.55	195.5	-1.03	309.15	307.86	0.5	1.508
1999	149.67	16	-0.99	100	3.39	210.45	189.15	174.9	0.12	307.85	307.29	0	1.4999
1999	149.71	17	-1.59	100	4.37	43	136	126.75	0.02	305.2	305.58	0	1.4918
1999	149.75	18	-1.57	100	3.92	75.95	114.3	106.7	0.66	304.65	304.95	0	1.4839
1999	149.79	19	-1.73	100	3.43	94.7	85.55	79.75	1.12	303.3	304.19	0	1.4761
1999	149.83	20	-2.35	100	1.84	84.1	52.33	48.76	0.81	301.85	302.43	0	1.4683
1999	149.88	21	-2.07	100	1.76	90.95	28.76	26.72	0.44	300.8	301.33	0	1.4607
1999	149.92	22	-2.8	100	0	22.75	10.48	9.74	-2.81	300.4	300.9	0	1.4531
1999	149.96	23	-2.01	100	0	297.85	4.05	3.79	-1.87	300.25	300.49	0	1.4457
1999	150	0	-2.32	100	0	81	2.54	2.42	-1.14	300.6	300.8	0	1.4383
1999	150.04	1	-2.26	100	3.74	66.8	3.26	3.03	-0.91	299.65	300.51	0	1.4311
1999	150.08	2	-2.85	100	4.63	65.95	9.6	8.74	-0.88	297.35	298.6	0	1.4239
1999	150.13	3	-3.05	100	2.78	38.05	21.46	19.6	-0.87	295.95	297.31	0	1.4168
1999	150.17	4	-3.26	100	3.15	39.55	55.39	50.34	-0.66	295.85	297.05	0.5	1.4098
1999	150.21	5	-3.1	100	1.11	294.7	146.3	131.7	-1.56	292.4	297.06	0	1.4028
1999	150.25	6	-2.78	96.5	2.62	213.25	251.3	227.85	-12.04	288.75	297.04	0	1.396
1999	150.29	7	-1.55	71.11	3.77	260.9	329.25	298.5	-22.42	277.1	294.64	0	1.3892
1999	150.33	8	-1.43	47.58	2.23	296.3	523.55	464.95	-10.07	272.8	299.13	0	1.3825
1999	150.38	9	-2.64	84.95	1.11	249.6	454.4	399.85	-6.67	265.65	297.21	0	1.3759
1999	150.42	10	-3.11	89.3	1.12	298.2	520.85	449.75	-7.05	253	298.7	0	1.3693
1999	150.46	11	-3.41	87.65	1.08	297.6	569.5	481.05	-8.2	241.75	298.11	5	1.3629
1999	150.5	12	-2.56	69.21	0.38	261.95	615.65	503.25	-8.93	228.95	297.61	4	1.3565
1999	150.54	13	-2.18	60.51	0.54	207.52	850	663.85	11.13	223.8	306.52	4	1.3501
1999	150.58	14	-1.4	59.56	0.62	227.04	745	566	28.45	215.2	302.4	1.5	1.3439
1999	150.63	15	-0.93	50.19	0.95	227.76	678.2	508.5	39.14	216.95	302.52	0	1.3377
1999	150.67	16	-1.17	56.82	0.81	196.95	577.25	423.75	46.89	214.15	299.18	0	1.3316
1999	150.71	17	-0.83	78.5	1.71	255.15	471.95	340.3	35.59	213.8	293.92	0	1.3255
1999	150.75	18	-1	80.35	2.41	253.25	174.17	132.21	-18.05	214.25	283.88	0	1.3195
1999	150.79	19	-1.18	81.15	2.64	242	75.49	64.49	-31.32	220.9	279.67	0	1.3136
1999	150.83	20	-1.6	82.4	2.61	259.15	60.22	52.18	-13.91	259.9	286.98	0	1.3077
1999	150.88	21	-1.51	89.75	1.57	269.7	34.44	30.18	-12.14	272.9	292.58	0	1.3019
1999	150.92	22	-1.22	88.05	3.13	269.2	13.76	12.74	-21.46	260.9	292.95	0	1.2962
1999	150.96	23	-1.1	88.55	2.97	282.25	6.12	5.78	-40.24	227.65	282.72	0	1.2905
1999	151	0	-1.18	89.95	2.12	300.55	3.8	3.63	-28.96	249.55	284.98	0	1.2848
1999	151.04	1	-1.39	91.75	1.75	323.05	5.28	4.82	-14.97	275.4	293.02	0	1.2793
1999	151.08	2	-1.3	85.8	3.42	292.25	11.33	10.9	-39.21	228.35	282.92	0	1.2737
1999	151.13	3	-1.36	83.15	3.12	286.95	39.79	34.9	-34.78	230.4	282.93	0	1.2683
1999	151.17	4	-1.5	89.15	5.42	285.1	88.8	83.7	-32	239.15	291.07	0	1.2629
1999	151.21	5	-1.57	92.4	6.84	274.7	141.1	132.2	-29.88	240.45	294.54	0	1.2575
1999	151.25	6	-1.73	94.85	5.53	267.55	303.5	266.05	-6.74	264.8	298.85	0	1.2522
1999	151.29	7	-1.61	93.4	4.5	276.25	530.4	470.9	-34.08	255.45	304.71	0	1.2469
1999	151.33	8	-1.71	89.3	6.11	283.75	660.5	595.3	-47.31	237.35	304.4	0	1.2417
1999	151.37	9	-2.1	92.75	5.48	291	727.25	638.25	-7.31	258.95	309.01	0	1.2366
1999	151.42	10	-2.03	86.85	8.31	268.3	760.5	655.1	-9.24	222.85	302.82	0.5	1.2315
1999	151.46	11	-1.67	86	6.46	259.85	872.5	731.5	22.4	236.3	306.02	0	1.2264
1999	151.5	12	-1.66	85.85	7.2	269.4	872	724.75	30.67	245.05	307.01	0	1.2214
1999	151.54	13	-1.5	82.2	7.46	280.25	804	651.35	34.86	221.6	303.93	0	1.2164
1999	151.58	14	-1.03	77.4	5.72	283.25	745.5	589.15	37.74	219.65	303.25	0	1.2115
1999	151.63	15	-0.96	76.2	5.53	283.85	652.05	506.45	32.1	224.2	301.17	0	1.2066
1999	151.67	16	-1.39	78.95	6.23	276.35	551.6	428.05	29.82	235.7	299.97	0	1.2018
1999	151.71	17	-1.46	76.7	3.93	276.6	270.15	214.5	-15.34	227.55	293.11	0	1.197
1999	151.75	18	-1.8	79.05	3.63	268.5	89.85	80.4	-35.06	231.9	287.36	0	1.1922
1999	151.79	19	-1.73	78.5	2.45	301.5	66.41	58.67	-36.15	231.75	285.39	0	1.1875
1999	151.83	20	-2.45	79.85	1.38	222.24	43.93	38.57	-38.67	222.5	274.64	0	1.1828
1999	151.88	21	-2.47	79.5	1.14	298.65	50.37	42.24	-2.48	279.5	287.3	0	1.1782
1999	151.92	22	-2.7	82.75	0.85	161.15	19.97	16.74	-5.36	283.85	292.07	0	1.1736
1999	151.96	23	-1.61	81.95	2.23	240	8.81	7.41	-9.35	282.1	293.75	0	1.169
1999	152	0	-1.12	77.25	4.6	273.6	6.87	5.76	-11.49	281.5	296.6	0	1.1645
1999	152.04	1	-2.18	88.75	1	308.55	8.78	7.25	-6.32	287.65	295.67	0	1.16
1999	152.08	2	-2.74	97.3	0.3	153.55	21.65	18.15	-4.29	285.25	294.02	0	1.1556
1999	152.13	3	-3.2	97.75	0.88	323.05	65.86	55.41	-8.29	268.2	290.58	0	1.1512
1999	152.17	4	-3.1	96	0.47	232.9	78	67.49	-5.82	277.25	291.74	0	1.1468
1999	152.21	5	-3.01	94.6	0.55	156.05	101.45	87.5	-1.3	280.85	294.21	0	1.1425
1999	152.25	6	-2.63	94.1	0.85	48.05	209.6	185.25	-3.33	280.35	298.71	0	1.1382
1999	152.29	7	-2.13	91.65	0.59	286.9	294.75	260.1	-2.1	293.1	305.54	0	1.1339
1999	152.33	8	-2.39	93.2	0.38	84.55	363.35	320.35	1.39	296.2	308.83	0	1.134
1999	152.38	9	-1.89	94.3	1.07	41.25	401	353.3	0.71	298.7	308.98	0	1.1339
1999	152.42	10	-1.33	96.2	1.55	25.8	386.65	342.45	6.77	303.5	309.1	0	1.1358
1999	152.46	11	-1.22	95.95	1.64	32.5	436.3	385.85	6.42	303.45	309.7	0	1.1492
1999	152.5	12	-0.57	95.8	1.35	40.05	540.7	469.95	9.91	298.7	311.53	0	1.1832
1999	152.54	13	-0.09	95.7	1.83	170.7	810.5	664.9	59.13	285.55	310.83	0	1.2224
1999	152.58	14	0.52	89.7	2.83	203.1	869	689.5	100	287.75	312.13	0	1.2222
1999	152.62	15	1.17	81.85	3.55	258.35	606.05	472.9	51.62	274.15	312.82	0	1.2164
1999	152.67	16	0.57	84.65	2.69	227.9	201.25	178.35	2.39	307.95	313.24	0	1.2101
1999	152.71	17	0.35	91.55	2.34	257.8	106.7	98.2	-1.98	310.4	312.69	0	1.2039
1999	152.75	18	0.09	93.05	2.23	267.8	95.75	88.35	-0.53	310.2	312.07	0	1.1978
1999	152.79	19	-0.49	97.9	2.18	190.5	81.54	77.88	-4.61	309.75	309.6	0.5	1.1917
1999	152.83	20	0.31	85.2	3.69	227.7	48.93	47.24	-8.62	303.5	308.17	0	1.1857
1999	152.88	21	-0.41	88.15	5.64	216.05	31.99	29.08	-4.16	304.75	309.16	0.5	1.1798
1999	152.92	22	-0.29	86.55	4.96	228.05	13.88	12.87	-4.11	304.5	309.21	0	1.1739
1999	152.96	23	-0.03	83.95	4.07	232.1	5.1	5.03	-4.74	304.9	308.31	0	1.1681
1999	153	0	0.09	82.15	3.53	284.2	4.72	4.55	-10.67	293.6	306.71	0	1.1624
1999	153.04	1	0.39	81.3	4.28	264.9	7.3	6.79	-11.3	293.35	306.85	0	1.1568
1999	153.08	2	0.12	82.25	3.61	262.1	19.41	17.03	-14.93	282.8	304.35	0	1.1512
1999	153.13	3	-0.8	83.85	2.24	270.1	37.49	32.9	-17.03	276.45	302.11	0	1.1456
1999	153.17	4	-0.56	81.7	7.13	285.6	68.04	65.4	-49.94	239.15	298.37	0	1.1402
1999	153.21	5	0.04	81.75	3.53	291.3	182.75	168.75	-28.97	278.55	304.96	0	1.1348
1999	153.25	6	-0.81	87.9	1.56	346.25	172.7	152.2	-3.95	291.15	305.69	0	1.1294
1999	153.29	7	-0.4	92.8	1.88	47.3	280.9	252	-7.84	295.5	309.07	0.5	1.1276
1999	153.33	8	0.13	90.9	1.7	190.7	293.1	261.3	1.78	301.25	309.55	0.5	1.1251
1999	153.38	9	-0.04	87.7	2.08	290.4	384.25	335.9	4.11	291.6	311.15	0.5	1.1321
1999	153.42	10	-0.16	89.65	1.28	28.35	457.75	399.95	6.4	297.15	313.31	0.5	1.1355
1999	153.46	11	0.13	86.2	1.88	136.35	450.4	393.25	9.45	299.3	313.07	0	1.137
1999	153.5	12	0.28	84.25	2.75	297.4	496.05	431.15	14.29	296.4	313.03	0	1.1353
1999	153.54	13	0.5	83.2	7.02	284.25	598.7	509.4	26.11	287.95	313.26	0	1.1303
1999	153.58	14	0.69	81.7	7.43	290.4	520	441.85	16.7	281.95	312.99	0.5	1.1271
1999	153.63	15	0.68	83.7	7.43	286.25	468.35	403.05	17.1	294.85	313.71	0	1.1214
1999	153.67	16	0.12	84.55	5.66	254.6	334	293.3	3.03	292.2	311.36	0	1.1159
1999	153.71	17	0.19	84.5	6.06	279.7	295.75	259	-3.37	284.25	311.23	0	1.1103
1999	153.75	18	-0.2	83.9	7.18	275.25	227.8	196.3	1.71	287.5	309.58	0	1.1049
1999	153.79	19	-0.19	83.15	7.2	276.45	162.25	141.7	-1.56	287.75	307.4	0	1.0995
1999	153.83	20	-0.9	82.35	6.58	285.6	119.1	104.05	-5.79	283.2	304.25	0	1.0942
1999	153.87	21	-1.59	76.05	5.54	299.85	101.25	86	-8.37	272.85	300.1	0	1.0889
1999	153.92	22	-2.38	77.2	7.06	251.25	46.93	38.41	-11.32	267.85	294.83	0	1.0837
1999	153.96	23	-3.14	76.85	11.04	272.25	10.66	8.82	-24.37	258.9	291.29	0	1.0786
1999	154	0	-3.3	75.75	7.83	283.9	5.39	4.78	-22.9	256.35	289.4	0	1.0735
1999	154.04	1	-3.59	78.3	7.66	276.55	5.96	5.36	-21.25	257.7	288.5	0	1.0684
1999	154.08	2	-3.86	78.75	6.63	267.35	13.3	11.45	-22.78	252.15	286.43	0	1.0634
1999	154.13	3	-4.16	79.45	4.95	263.25	31.99	27.59	-17.38	257.8	287.41	0	1.0585
1999	154.17	4	-3.97	79.95	6.45	287.3	59.08	52.21	-34.4	231.25	284.32	0	1.0536
1999	154.21	5	-4.12	76.85	4.73	284.25	113.9	109.05	-45.95	226.15	283.17	0	1.0488
1999	154.25	6	-3.66	76.1	5.71	273.45	266.6	255.95	-69.2	219.85	286.28	0	1.044
1999	154.29	7	-3.09	75.3	7.16	279.8	376.8	340.2	-52.63	227.1	291.68	0	1.0393
1999	154.33	8	-3.32	77.4	2.18	244.1	396.3	349.6	-38.34	227.3	294.38	0	1.0346
1999	154.38	9	-2.39	76.5	2.11	206.6	533	459.35	-26.67	233.7	301.35	0	1.03
1999	154.42	10	-1.91	75.15	1.5	186	686.9	577.6	-10.69	233.45	308.49	0	1.0258
1999	154.46	11	-1.18	76.55	0.89	333.55	749.5	615.6	19.51	237.25	312.73	0	1.0213
1999	154.5	12	-1	73.35	1.52	202.95	605.15	491.8	18.8	251.45	310.35	0	1.0168
1999	154.54	13	-1.35	73.55	1.16	167.5	493	398.95	32.4	277.6	312.14	0	1.0123
1999	154.58	14	-0.99	76.65	1.44	205.6	504.8	408.55	32.67	276.1	311.21	0	1.0079
1999	154.63	15	-1.04	76.25	2.48	258	467.65	381.8	36.25	291.2	311.28	0	1.0035
1999	154.67	16	-0.64	78.05	5.14	236.1	355.35	292	12.5	269.85	307.1	0	0.9992
1999	154.71	17	-0.78	75.75	4.63	249.45	264.2	217.35	6.4	272.15	306.68	0	0.9949
1999	154.75	18	-0.59	74.2	3.8	270.6	191.85	162.55	2.18	283.95	306.31	0	0.9906
1999	154.79	19	-1.1	81.25	4.06	253	119.25	106.55	0.95	299.2	304.99	0	0.9864
1999	154.83	20	-1.31	81.05	5.11	234.25	66.38	59.81	-8.38	285.65	302.46	0	0.9822
1999	154.88	21	-1.54	79.2	5.08	238.1	30.47	27.9	-24.94	258.8	297.24	0	0.9781
1999	154.92	22	-1.55	78.05	6.14	268.05	15.13	14.86	-43.64	228.1	290.79	0	0.974
1999	154.96	23	-1.87	73.5	6.58	291.95	9.62	8.74	-56.37	213.5	286.37	0	0.97
1999	155	0	-2.43	75.65	5.31	292.5	6.35	5.77	-50.65	210.2	281.45	0	0.9659
1999	155.04	1	-2.44	75.55	2.7	281.55	7.49	6.98	-47.88	213.95	275.58	0	0.962
1999	155.08	2	-3.61	76.7	1.45	311.25	20.08	17.34	-36.11	224.45	270.96	0	0.958
1999	155.13	3	-3.88	76.55	2.04	303.75	25.93	23.67	-43.79	209.15	264.71	0	0.9541
1999	155.17	4	-2.9	75.35	1.11	290.2	151.08	137.35	-58.52	212.1	267.27	0	0.9502
1999	155.21	5	-3.2	75.3	1.05	300.6	216.98	197.25	-55.08	213.2	272.89	0	0.9464
1999	155.25	6	-2.55	74.35	0.8	314.6	359.26	339.8	-89.1	215.25	284.33	0	0.9426
1999	155.29	7	-3.4	81.75	0.37	192.25	451.05	428.45	-80.95	215.35	292.59	0	0.9388
1999	155.33	8	-2.39	84.55	0.37	159.6	487.45	444.95	-41.92	238.7	302.45	0	0.9353
1999	155.38	9	-2.43	85.9	0.63	29.2	317.55	280.3	10.55	294	303.51	0	0.932
1999	155.42	10	-2.55	91.95	0.51	41.65	307.6	278	6.43	296.35	304.02	0	0.9291
1999	155.46	11	-2.51	91.2	0.44	276	326.8	293.7	6.11	296.55	305.96	0	0.9266
1999	155.5	12	-1.63	89.4	1.19	186.6	399.95	360.4	8.31	298.4	306.65	0	0.9229
1999	155.54	13	-1.5	87.65	1.4	56.7	350.3	316.8	4.75	298.1	305.23	0	0.9211
1999	155.58	14	-1.4	84.7	0.5	295.65	358.8	320	4.66	297.2	309.55	0	0.9182
1999	155.63	15	-1.21	82.75	0.28	253.25	276.5	247.45	7.11	298.65	308.58	0	0.9146
1999	155.67	16	-1.02	84.1	0.32	275	230.45	205.7	3.88	298.05	306.87	0	0.911
1999	155.71	17	-1.3	86.7	0.75	249.6	217.6	192.15	4.18	297.75	308.4	0	0.9077
1999	155.75	18	-1.28	83.95	0.16	175.18	181.7	157.3	8.24	297.25	308.52	0	0.9042
1999	155.79	19	-0.95	84.25	0.16	134.62	105.2	91.45	2.94	297	306.58	0	0.9007
1999	155.83	20	-1.64	87.9	1.03	95.4	62.21	55.17	0.06	296.05	303.46	0	0.8972
1999	155.88	21	-1.98	89.8	0.56	205.35	26.96	24.2	-1.62	296.3	302.56	0	0.8937
1999	155.92	22	-2.17	92.4	0.92	74.35	12.94	11.65	-2.34	295.65	300.64	0	0.8903
1999	155.96	23	-2.43	93	0.36	335	8.69	7.71	-2.51	295.25	299.72	0	0.8869
1999	156	0	-2.89	95.45	0.82	186.21	4.81	4.29	-2.34	295.05	298.99	0	0.8835
1999	156.04	1	-3.34	97.45	0.69	11.6	3.47	3.18	-2.17	294.45	297.76	0	0.8801
1999	156.08	2	-3.18	98	0.61	196.05	7.7	7.1	-1.68	294.05	297.02	0	0.8768
1999	156.13	3	-3.36	97.35	1.08	197.1	18.26	16.92	-2.34	292.85	296.18	0	0.8735
1999	156.17	4	-3.73	98.1	1.31	304.35	55.67	50.97	-2.65	293.1	296.19	0	0.8702
1999	156.21	5	-3.95	96.45	2.2	214.8	76.57	70.47	-3.57	290.25	293.74	0	0.867
1999	156.25	6	-3.88	95.6	1.85	64.7	121.05	111.85	-3.78	290.7	293.82	0	0.8638
1999	156.29	7	-4.48	93.6	0.99	26.25	176.75	162.25	-3.37	288.5	293.72	0	0.8606
1999	156.33	8	-4.18	92.8	1.37	116.25	227.6	208.5	-2.39	288.1	293.68	0.5	0.8574
1999	156.38	9	-4.16	91	0.72	257.66	327.6	296	4.16	288.55	297.79	1	0.8556
1999	156.42	10	-3.45	87.35	0.65	306.5	449.55	395.5	12.93	290.25	303.64	1.5	0.8658
1999	156.46	11	-2.95	82.55	0.38	255.5	561.2	484.45	23.11	287.8	309.46	0.5	0.8641
1999	156.5	12	-2.89	85	0.5	149.1	478.8	416.1	13.49	286.75	308.4	0	0.8635
1999	156.54	13	-2.35	84.9	0.48	220.07	460.05	399.5	13.52	290.35	307.9	0	0.8612
1999	156.58	14	-1.99	82.85	1.17	66.95	500.5	432.9	21.24	294.3	308.24	0	0.8578
1999	156.63	15	-2.05	84	2.26	69.7	389.35	342.45	12.87	295.1	304.85	0	0.8544
1999	156.67	16	-1.83	85.45	1.91	69.95	302.9	269.6	7.42	296.5	304.64	0	0.851
1999	156.71	17	-1.73	88.85	2.84	75	230.25	204.85	6.01	297.05	304.45	0	0.8477
1999	156.75	18	-2.05	92.6	3.08	73.1	171.15	154.35	4.05	297.85	302.8	0	0.8444
1999	156.79	19	-2.36	94.95	2.9	70.95	88.25	79.95	1.55	297.15	301.88	0	0.8411
1999	156.83	20	-2.22	95.45	2.07	75.5	75.4	67.83	1.51	297.55	302.48	0	0.8378
1999	156.88	21	-2.45	97.2	1.21	198.55	30.17	27.27	-0.52	297.3	301.46	0	0.8346
1999	156.92	22	-2.32	97.3	0.46	67.15	20.64	18.39	-1.1	297.15	301.63	0	0.8314
1999	156.96	23	-2.58	97.8	1.97	160.6	9.79	8.72	-1.41	297.1	300.95	0	0.8282
1999	157	0	-3.17	99.95	0.67	75.1	6.43	5.83	-1.44	297.8	301.13	0	0.825
1999	157.04	1	-2.96	100	0.87	302.75	6.43	5.88	-0.98	298.2	300.92	0	0.8219
1999	157.08	2	-2.97	100	1.02	269.31	10.06	9.31	-0.56	298.25	300.16	0	0.8188
1999	157.13	3	-3.03	99.8	0.47	167.95	25.27	23.98	0.23	298.55	300.52	0	0.8157
1999	157.17	4	-2.79	99.4	0.64	233.2	44.66	42.94	0.97	299.2	300.03	0	0.8127
1999	157.21	5	-3.43	98.45	0.6	218.1	86.3	83.09	1.36	297.8	300.42	0	0.8096
1999	157.25	6	-2.92	97.6	0.92	169.5	155.35	145.55	3.66	296.15	301.8	0	0.8066
1999	157.29	7	-3	97.8	1.32	344.35	228.7	211.85	5.61	296.8	302.65	0.5	0.8036
1999	157.33	8	-3.07	97.5	1.31	283.45	288.25	265.7	3.7	296.7	303.14	0	0.8032
1999	157.38	9	-2.25	96.65	1.47	221	430	387.6	8.49	297.4	306.86	0	0.8006
1999	157.42	10	-2.57	96.8	2.13	80.25	454.3	409.7	7.76	298.35	304.53	0	0.7992
1999	157.46	11	-2.9	96.75	1.4	96.1	476.45	430.4	4.51	299.15	305.76	0	0.7987
1999	157.5	12	-2.75	96.3	1.21	70.45	491.7	440.75	7.73	298.55	306.53	0	0.8077
1999	157.54	13	-2.12	95.15	0.72	164.6	523.95	455.3	15.67	298.25	310.62	0	0.812
1999	157.58	14	-2.31	93.6	0.81	303.55	509.1	439.1	21.24	299.05	313.72	0	0.8102
1999	157.62	15	-2.09	91.3	0.76	282.9	432.65	365.15	23.37	294.95	313.41	0	0.8071
1999	157.67	16	-0.75	86.75	1.14	286.2	334.85	287.05	14.78	296.4	312.52	0	0.8063
1999	157.71	17	-0.4	85.35	0.47	306.35	246.55	215.65	8.92	303.55	312.68	0	0.8029
1999	157.75	18	-0.56	88.4	0.56	54.4	137.6	121.5	3.14	304.65	311.49	0	0.7997
1999	157.79	19	-0.49	94.1	0.23	180.1	82.35	73.49	0.01	307.45	311.97	0	0.7964
1999	157.83	20	-0.76	99.1	0.68	212.3	56.44	51.96	-0.69	310.1	310.58	0.5	0.7931
1999	157.88	21	-0.75	100	0.23	105.1	48.46	44.73	-1.26	310.1	310.83	0	0.7899
1999	157.92	22	-1.1	100	0.28	219.1	55.18	48.59	0.04	309.3	310.83	0.5	0.7867
1999	157.96	23	-0.93	99.85	0.23	205.9	19.14	17.18	-0.9	307.05	308.76	0	0.7835
1999	158	0	-0.34	96.35	0.8	249.4	9.01	8.06	-9.07	293.8	297.98	0	0.7803
1999	158.04	1	-0.31	90.05	1.78	278.5	8.16	7.7	-15.73	270	286.34	0	0.7772
1999	158.08	2	-0.74	90.85	1.6	284.45	14.53	13.18	-15.88	259.2	282.88	0	0.7741
1999	158.13	3	-1.2	91.75	1.26	280.8	26.69	23.58	-12.95	252.9	277.09	0	0.7711
1999	158.17	4	-0.37	90.55	1.19	287.7	143.55	137.95	-31.23	248.15	284.74	0	0.768
1999	158.21	5	0.08	88.5	0.82	310.2	250.85	241.7	-73.26	230.45	292.27	0	0.765
1999	158.25	6	0.67	80.6	0.91	334.5	348.9	332.25	-107.6	229.95	300.92	0	0.762
1999	158.29	7	0.41	86.45	0.51	318.8	453.75	419.7	-95.15	228.3	307.62	0	0.759
1999	158.33	8	1.14	78.95	0.51	279	558.35	501.55	-52.44	230.05	313.16	0	0.7561
1999	158.38	9	2.79	71.26	0.5	239.5	651.9	561.35	-19.99	231.4	315.49	0	0.7621
1999	158.42	10	2.19	68.85	0.52	249.35	721	592.35	2.94	233.15	314.64	0	0.7736
1999	158.46	11	2.95	71.74	0.5	317.9	766	601.65	37.19	233.85	314.9	0	0.7894
1999	158.5	12	3.16	78.75	0.33	302.6	783	593.95	64.36	234.9	316	0	0.8025
1999	158.54	13	3.81	75.7	1.09	276.9	771.5	570.85	76.1	235.75	315.57	0	0.8117
1999	158.58	14	3.9	73.75	0.97	295.95	730.5	525.8	87.6	238.05	316	0	0.8178
1999	158.63	15	4.44	71.45	1.02	285.55	664.8	464.8	82.3	238.7	315.48	0	0.8183
1999	158.67	16	4.63	68.9	1.25	251.25	579.45	394.75	81.3	238.35	313.93	0	0.8163
1999	158.71	17	4.7	65.04	2.27	285.65	481.1	320.35	59.5	238.95	313.46	0	0.8119
1999	158.75	18	4.57	71.15	1.64	266.25	224.9	149.95	2.08	240.8	309.75	0	0.8076
1999	158.79	19	4.2	75.55	1.69	271.9	44.21	40.4	-42.58	242.15	306.05	0	0.8033
1999	158.83	20	4.98	76.55	1.45	281.65	40.08	35.24	-40.14	246.7	306.74	0	0.7991
1999	158.87	21	5.41	79.05	1.19	276.85	33.24	27.69	-35.88	257.65	309.11	0	0.7949
1999	158.92	22	5.11	80.7	0.87	271.5	20.1	16.39	-28.2	272.55	310.51	0	0.7938
1999	158.96	23	4.69	85.6	1.15	288.4	9.18	7.7	-17.26	292.7	314.23	0	0.7897
1999	159	0	4.08	87.55	1.97	240.1	6.07	5.81	-43.47	247.45	306.49	0	0.7856
1999	159.04	1	4.27	86	1.49	270.75	10.04	8.41	-34.25	266.35	309.46	0	0.7879
1999	159.08	2	4.9	84.95	1.4	288.7	35.32	26.69	-9.09	291.8	315.11	0	0.7838
1999	159.13	3	3.95	87.75	1.07	334.75	31.92	25.86	-18.52	278.3	310.89	0	0.78
1999	159.17	4	3.88	88.7	0.89	134.65	75.73	65.01	-15.82	283.7	313.4	0	0.7762
1999	159.21	5	4.47	87.3	0.96	280.75	249.75	230.05	-52.08	256.05	316	0	0.7722
1999	159.25	6	3.68	87.9	1.3	282.7	196.35	176.05	-50.24	246.05	312.04	0	0.7682
1999	159.29	7	4.56	82	1.41	314.65	399.2	340.45	-36.03	253.05	316	0	0.7643
1999	159.33	8	4.84	79.65	1.52	261	539.95	445.3	-12.1	253.6	316	0	0.7605
1999	159.38	9	4.66	81	0.69	295.15	626.75	499.35	13.12	253.35	316	0	0.8061
1999	159.42	10	4.99	81.85	0.68	268.2	729	561.55	55.78	257.1	316	0	0.8572
1999	159.46	11	5.22	72.11	5.22	276.45	750	559.95	92.4	253.75	315.83	0	0.9256
1999	159.5	12	5.57	73.3	6.7	296.15	771.5	559.5	122.9	253.25	316	0	1.0006
1999	159.54	13	5.64	75.15	5.89	286.25	770.5	549.6	128.5	255.45	315.97	0	1.0765
1999	159.58	14	6.14	71.5	5.64	286.4	741.5	516.85	125.45	254.85	316	0	1.1465
1999	159.63	15	6.09	72.85	5.11	273	684.95	466.75	110.05	257.55	315.85	0	1.2043
1999	159.67	16	6.21	73.45	4.9	270.65	422.3	300.65	51.57	278	316	0	1.2214
1999	159.71	17	5.88	75.3	5.18	288.85	264.05	188.3	15.35	265.2	315.6	0	1.2108
1999	159.75	18	5.39	77	5.47	288.35	65.49	56.67	-43.97	246.95	315.14	0	1.1978
1999	159.79	19	5.09	75.5	4.23	297.75	55.31	47.4	-42.94	247.05	314.26	0	1.185
1999	159.83	20	5.9	65.73	1.99	311.2	33.67	30.38	-51.35	243.5	312.16	0	1.1724
1999	159.88	21	5.31	65.86	1.24	310.5	23.23	21.05	-50.72	242.85	307.9	0	1.1601
1999	159.92	22	5.12	66.01	2.07	282.45	14.87	13.64	-49.87	242.15	306.26	0	1.148
1999	159.96	23	4.83	68.04	2.42	275.65	8.73	8.11	-49.36	241.4	303.9	0	1.136
1999	160	0	5.64	66.72	2.1	274.45	6.13	5.78	-50.72	243.95	302.95	0	1.1243
1999	160.04	1	6.6	67.04	2.95	265.4	8.05	7.3	-54.53	245.5	308.35	0	1.113
1999	160.08	2	6.73	65.43	3.72	269	14.61	13.04	-56	245.65	311.2	0	1.1069
1999	160.12	3	6.6	68.13	5.55	248.65	24.81	22.15	-54.46	248.4	314.82	0	1.1016
1999	160.17	4	6.26	69.6	5.35	247.2	74.68	67.36	-46.92	250	315.8	0	1.1127
1999	160.21	5	6.71	68.99	4.91	244.95	223.45	196.05	-32.66	254.25	316	0	1.1367
1999	160.25	6	6.82	68.17	4.36	239.65	344.7	291.7	-27.06	258.95	316	0	1.1346
1999	160.29	7	7.09	67.6	3.92	244.45	457.6	376.95	-20.67	262.65	316	0	1.1347
1999	160.33	8	7.06	68.18	4.18	243.15	553.2	446	15.08	260.45	316	0	1.1463
1999	160.38	9	7.4	69.1	4.68	252	637.45	499.85	50.99	260.95	316	0	1.2402
1999	160.42	10	7.68	68.93	3.77	242.2	705.85	539.7	78	262.35	316	0	1.3452
1999	160.46	11	8.18	65.12	3.03	236.55	747	558.4	90.45	264.65	315.98	0	1.4165
1999	160.5	12	8.26	62.4	3.24	234.35	524	392.95	44.7	269.3	315.89	0	1.5612
1999	160.54	13	8.5	63.92	4.84	249.9	581.45	430.15	75.23	288	316	0	1.7365
1999	160.58	14	9.23	62.53	4.17	266.5	677.9	483.65	100.3	282.3	316	0	1.8895
1999	160.63	15	9.21	60.69	5.14	256.05	681.35	468.55	90.25	268.6	315.83	0	1.9893
1999	160.67	16	9.18	59.22	4.49	259.85	569.45	380.9	86.75	261	315.91	0	2.0549
1999	160.71	17	9	58.49	4.07	257.95	469.15	305.35	76.15	261	315.64	0	2.1008
1999	160.75	18	9.69	56.85	3.53	267.5	284.3	182.8	34.27	266.75	315.75	0	2.1142
1999	160.79	19	9.85	54.07	3.99	272.9	81.65	63.74	-25.95	267.25	316	0	2.1053
1999	160.83	20	9.33	55.45	3.22	282.45	66.78	50.46	-26.65	265.6	315.98	0	2.0847
1999	160.88	21	8.71	58.97	2.85	278.1	37.68	29.52	-34.22	262.95	316	0	2.0715
1999	160.92	22	9.02	57.52	2.59	286.9	24.87	19.17	-31.89	274.2	315.89	0	2.0581
1999	160.96	23	8.51	61.72	2.24	287.35	12.68	9.49	-29.27	277.95	315.48	0	2.0344
1999	161	0	7.64	65.9	2.89	277.35	10.34	8.23	-38.97	261.9	314.8	0	2.0176
1999	161.04	1	8.36	63.78	3.06	267.5	11.38	9.03	-41.97	262	315.53	0	1.9997
1999	161.08	2	7.98	63.65	2.89	260.9	20.42	16.07	-36.26	267.35	315.28	0	2.0136
1999	161.13	3	9.02	61.53	4.05	288.95	29.26	24.03	-31.63	274.1	316	0	2.0183
1999	161.17	4	9.15	61.56	2.92	293.45	123.5	106.35	-29.08	263.75	316	0	2.0063
1999	161.21	5	7.98	65.26	1.56	299.75	227.25	193.15	-14.33	263.45	316	0	1.9981
1999	161.25	6	7.99	66.23	1.01	288.75	328.45	269.9	-18.48	263.1	316	0	1.9734
1999	161.29	7	8.21	66.84	1.6	287.7	436.4	349.55	-1.88	264.45	316	0	1.954
1999	161.33	8	7.64	68.01	2.1	282.25	538	418.55	27.74	266.25	316	0	1.9387
1999	161.38	9	7.93	66.69	1.72	283	634.3	477.25	60.82	268.9	316	0	2.0471
1999	161.42	10	7.73	67.46	2.01	284.55	434.95	319.5	81.95	320.05	316	0	2.1669
1999	161.46	11	7.88	67.29	2.03	285.55	373	274.1	80.95	328.55	316	0	2.2656
1999	161.5	12	7.72	67.6	2.07	285.15	325.95	241.05	67.14	324.35	316	0	2.3976
1999	161.54	13	7.99	67.06	2.14	277.65	384.25	277.2	89	329.65	316	0	2.4865
1999	161.58	14	7.36	68.74	1.81	274.5	235.45	177.7	52.42	334.35	316	0	2.5779
1999	161.63	15	7.45	69.64	2.57	293.75	208.85	160.65	44.67	333.4	316	0	2.6752
1999	161.67	16	7.88	69.26	1.34	312.7	288.8	209.55	66.54	327.6	316	0	2.7374
1999	161.71	17	7.11	73.15	1.52	300.95	185.2	136.65	42.75	328.1	316	0	2.8053
1999	161.75	18	7.34	72.45	3.67	313.3	171.6	125.5	36.78	319.4	316	0	2.8212
1999	161.79	19	7.24	64.44	3.42	295.5	143.8	102.85	22.2	305.6	316	0	2.7876
1999	161.83	20	5.88	53.72	9.78	289.3	145.55	101.45	18.22	291.8	315.85	0	2.742
1999	161.88	21	5.94	58.47	5.2	315.6	38.9	30.95	-38.86	251.95	315.43	0	2.6973
1999	161.92	22	5.22	43.57	6.87	297.85	16.51	14.43	-51.46	239.95	311.82	0	2.6534
1999	161.96	23	5.95	48.77	5.36	290.25	9.19	8.19	-53	243.45	312.66	0	2.6103
1999	162	0	5.31	48.89	4.26	321.05	7.17	6.26	-54.94	239.75	310.22	0	2.5681
1999	162.04	1	4.66	45.85	4.51	297.1	7.84	7.03	-57.06	235.9	307.5	0	2.5267
1999	162.08	2	4.01	45.21	4.09	316.85	13.8	11.88	-56.65	232.35	304.2	0	2.4861
1999	162.12	3	4.14	32.42	6.51	301.35	24.69	20.81	-54.38	231.8	302.55	0	2.4463
1999	162.17	4	4.03	32.57	7.43	299.8	135.8	113.9	-28.92	234.3	304.51	0	2.4072
1999	162.21	5	4.28	41.9	6.9	296.25	241.9	200.15	-15.05	238.15	310.66	0	2.3689
1999	162.25	6	3.57	56.61	4.76	312.45	349.2	277.15	2.64	240.15	315.62	0	2.3313
1999	162.29	7	4.42	61.22	4.25	316.05	474.5	361.65	18.81	250.3	316	0	2.2945
1999	162.33	8	4.47	66.05	2.56	326	530.45	395.65	36.94	253.9	316	0	2.2945
1999	162.38	9	5.24	72.03	3.01	304.35	438.8	320.6	52.36	279.6	316	0	2.3531
1999	162.42	10	5.53	79.05	4.77	273.6	433.85	314.75	81.05	306.9	316	0	2.4402
1999	162.46	11	6.49	79.5	3.8	306.05	405.45	294.15	79.05	310.9	316	0	2.5442
1999	162.5	12	6.39	79.65	5.61	295.35	395.05	285.7	80.95	316.05	316	0	2.6446
1999	162.54	13	6.1	81.95	5.49	286.15	353.8	260.6	71.37	321.5	316	0	2.7134
1999	162.58	14	5.6	79.75	6.89	278.25	372.15	265.3	77.7	312.2	316	0	2.7316
1999	162.63	15	6.47	57.57	4.54	310.5	332.2	233.8	70.32	305.95	315.96	0	2.7375
1999	162.67	16	6.1	55.53	5.47	197.55	301.4	211.4	65.75	309	315.77	0	4.0809
1999	162.71	17	5.08	62.24	8.97	215.9	233.9	165.15	51.12	307.5	315.67	7.5	4.395
1999	162.75	18	5.89	55.1	9.9	197.35	225.9	155.4	48.21	299.75	315.74	1.5	5.1606
1999	162.79	19	5.89	51.56	11.72	197.85	214	142.7	44.6	292.85	314.96	3.5	5.6612
1999	162.83	20	5.32	53.88	11.15	211.55	177.85	116.95	59.89	290.85	315.41	3	6.2656
1999	162.88	21	6.68	46.73	7.65	247.75	99.4	65.36	16.56	275	315.77	2.5	6.1542
1999	162.92	22	6.61	47.89	7.91	247.15	67.92	43.58	3.84	279.3	315.65	0	6.0598
1999	162.96	23	6.96	57.51	6.61	253	42.31	26.3	-8.45	280.45	315.96	0	5.9631
1999	163	0	7.08	56.92	5.69	279.7	22.59	14.36	-20.13	279.5	316	0	5.8794
1999	163.04	1	7.22	53.9	5.39	266.4	22.34	14.56	-9.75	299.2	316	0	5.8099
1999	163.08	2	6.7	55.72	5.81	308.75	32.22	21.69	7.24	317.55	316	0	5.7907
1999	163.13	3	7.37	70.34	8.55	265.2	61.79	42.08	5.52	298.8	316	0	5.8171
1999	163.17	4	7.41	79.5	7.6	253	103.8	70.96	27.42	309.2	316	0	5.9425
1999	163.21	5	8.59	81.95	9.06	260.45	110.7	79.68	17.99	318.6	316	0	6.0518
1999	163.25	6	8.46	81.55	11.84	278.35	147.25	105.05	12.74	300.9	316	0	6.0939
1999	163.29	7	8.34	78.9	11.53	283.2	294.75	205	40.9	285.9	316	0	6.1235
1999	163.33	8	9.08	74.1	7.57	285.95	407.8	284.1	59.1	282.6	316	0	6
1999	163.37	9	10.07	73.15	4.22	265.65	647.25	453.4	102.55	292	316	0	6.2839
1999	163.42	10	9.68	75.2	2.38	267.1	434.45	305.85	88.4	331.3	316	0	6.4114
1999	163.46	11	8.38	83.15	2.91	271.7	436.8	309.65	106.6	346.85	316	0	6.5753
1999	163.5	12	8.81	82.45	2.71	267.9	810.5	539.95	190.15	320.2	316	0	6.7021
1999	163.54	13	8.6	84.5	4.24	278.6	776	506.6	176.35	291.6	316	0	6.7323
1999	163.58	14	8.94	78.75	1.68	312.5	702.4	448.1	155.7	274.5	316	0	6.7533
1999	163.63	15	8.74	80.35	2	286.45	641.95	401.55	126.95	272.75	316	0	6.791
1999	163.67	16	9.64	73.5	2.89	283.25	560.9	342.85	102.45	275.6	316	0	6.7907
1999	163.71	17	10.53	68.19	1.49	310.15	465.4	274.75	95.45	276.55	316	0	6.751
1999	163.75	18	9.65	73.65	1.58	284.95	311	178.7	69.32	277.7	316	0	6.763
1999	163.79	19	9.34	74.35	2	311	123.75	82.15	33.5	328.45	316	0	6.7679
1999	163.83	20	9.39	75.85	1.7	302.6	85.65	56.72	27.3	334.15	316	0	6.7055
1999	163.87	21	9.34	77.25	1.18	278.3	55.94	36.72	4.82	310.9	316	0	6.603
1999	163.92	22	9.44	72.15	1.38	313.15	18.53	13.22	-28.8	283.5	316	0	6.4
1999	163.96	23	11.05	65.71	2.6	276.85	10.73	7.75	-35.54	280.6	316	0	6.5446
1999	164	0	12.29	62.85	4.52	250.55	6.65	4.98	-41.94	276.75	316	0	6.5473
1999	164.04	1	11.95	64.53	4.93	263.3	7.86	6.03	-41.31	277.45	316	0	6.516
1999	164.08	2	11.73	67.08	3.24	269.15	13.41	10.12	-40.03	277.25	316	0	6.5573
1999	164.13	3	11.73	65.13	7.48	256.35	27.22	20.51	-34.4	278.4	316	0	6.6284
1999	164.17	4	11.78	60.39	8.77	259.45	135.75	100.9	5.91	285.7	316	0	6.6813
1999	164.21	5	11.98	56.78	7.69	266.2	213.45	165.65	-3.5	279.75	316	0	6.7539
1999	164.25	6	12.38	55.35	7.3	267.1	327.65	247.1	7.36	281.65	316	0	6.7799
1999	164.29	7	12.42	53.74	8.09	264.9	430.3	316.1	12.72	283.05	316	0	6.7846
1999	164.33	8	12.26	50.17	8.04	253.9	530.2	380.1	53.58	280	316	0	6.7779
1999	164.38	9	12.2	47.18	8.4	257.85	623	434.75	101.8	274.9	316	0	6.8213
1999	164.42	10	11.88	48.26	7.02	259	697.3	474.85	137.2	272.15	316	0	6.8918
1999	164.46	11	11.87	52.97	5.51	260.75	760.5	508.15	166.1	275.75	316	0	6.9399
1999	164.5	12	11.82	51.85	3.98	267.4	741.5	488.65	161.05	276.35	316	0	6.9851
1999	164.54	13	12.12	49.83	2.74	277.85	759.5	494.3	174.3	278.95	316	0	7.0207
1999	164.58	14	11.74	52.74	3.21	282.9	707.85	452.05	154.6	273.85	316	0	7.0437
1999	164.62	15	11.61	52.31	3.06	279.6	637	401.5	130.4	276.95	316	0	7.0545
1999	164.67	16	11.94	49.24	3.93	292.4	526.85	327.85	89.05	274.85	316	0	7.0389
1999	164.71	17	12.5	45.38	2.59	277.9	458.6	278.9	77.2	275.1	316	0	6.9946
1999	164.75	18	12.48	44.54	3.32	281.5	267.8	161.15	43.34	276.8	316	0	6.9547
1999	164.79	19	13.13	46.94	4.13	287.2	79.05	55.51	-18.64	281	316	0	6.8968
1999	164.83	20	13.51	47.83	2.48	298.85	72.28	48.35	-14.12	285.35	316	0	6.823
1999	164.88	21	11.85	53.42	3.14	284.35	48.33	32.1	-17.64	285.55	316	0	6.7381
1999	164.92	22	10.43	58.48	3.95	277.25	27.81	18.85	-21.83	285	316	0	6.6513
1999	164.96	23	10.9	56.4	3.49	274.5	11.65	8.18	-32.78	279.95	316	0	6.5582
1999	165	0	10.44	57.15	3.13	270.85	12.18	7.84	-30.53	282.5	316	0	6.4594
1999	165.04	1	10.89	54.29	2.61	269.1	11.73	7.79	-35.35	277.85	316	0	6.3585
1999	165.08	2	10.7	52.5	2.45	266.05	23.26	15.83	-31.27	279.4	316	0	6.2865
1999	165.12	3	10.82	51.19	2.16	295.8	58.77	40.14	-0.83	303.4	316	0	6.2106
1999	165.17	4	11.54	48.96	1.86	276.6	62.35	44.67	-7.52	296.05	316	0	6.1861
1999	165.21	5	11.19	53	2.1	267.45	116.2	84.18	17.27	320.1	316	0	6.176
1999	165.25	6	10.41	58.73	1.18	314.9	115.5	82.35	35.08	342.2	316	0	6.2174
1999	165.29	7	10.97	68.93	2.19	315.25	81.8	62.38	14.06	351.1	316	0	6.2919
1999	165.33	8	10.81	70.21	3.95	31.35	76.45	59.72	15.55	351.4	316	0	6.5554
1999	165.38	9	9.61	72.68	2.37	154.35	278.35	203	40.19	325.75	316	0.5	6.5324
1999	165.42	10	8.45	79.3	2.59	283.65	457.15	325.15	69.71	301.65	316	0	6.5376
1999	165.46	11	8.26	85.8	1.75	321.95	176.95	132.15	45.9	345.6	316	0	6.5512
1999	165.5	12	7.95	94.7	1.01	316.35	197.75	147.05	55.29	351.5	316	0	6.5773
1999	165.54	13	8.58	97.4	1.27	312.05	129.8	96.05	38.53	353.1	316	0	6.6957
1999	165.58	14	9.45	95.05	5.52	43.25	85.85	66.07	29.45	355.15	316	0	8.3848
1999	165.63	15	9.78	91.7	4.26	175.1	104.65	83.01	28.03	354.95	316	3	10.6034
1999	165.67	16	6.86	86.45	12.17	287.95	149.5	110.2	16.9	322.1	316	6.5	11.2578
1999	165.71	17	4.47	85.75	12.49	283.55	169.75	116.8	19.77	278.65	315.76	4.5	11.149
1999	165.75	18	2.95	93.7	11.14	232.85	50.67	39.81	8.01	318.6	316	1.5	10.9667
1999	165.79	19	2.63	91.45	8.74	202.4	23.77	19.76	3.99	319.6	315.77	1	10.804
1999	165.83	20	2.22	88.85	9.64	219.15	15.04	12.82	1.47	318.25	316	2.5	10.688
1999	165.88	21	2.53	87.9	12.35	219.7	18.19	15.15	1.07	316.95	315.46	3	10.8058
1999	165.92	22	2.21	85.9	13.76	209.65	16.5	12.53	0.76	315.7	315.06	15	10.6053
1999	165.96	23	1.71	85.6	14.66	211.95	10.81	8.51	-0.63	314.65	314.77	3	10.3821
1999	166	0	1.64	87.6	8.17	221.05	6.52	5.71	-0.76	314.3	314.5	0	10.177
1999	166.04	1	1.58	88.85	7.06	274.2	7.3	5.98	-1.15	313.6	315.02	2	9.9804
1999	166.08	2	2.19	90.55	7.35	293.4	9.36	7.7	0.64	315.65	315.38	0.5	9.7904
1999	166.13	3	2.16	92.5	7.52	333.3	20.65	16.37	3.75	317.65	315.82	0.5	9.5983
1999	166.17	4	2.55	87.25	7.59	334.55	67.51	52.45	12.4	318.3	316	0	9.4196
1999	166.21	5	2.44	89.95	6.45	287.95	201.75	156.05	28.79	315.05	315.98	0	9.2476
1999	166.25	6	2.01	85.75	11.01	277.4	450.3	340.85	30.87	275.7	315.95	1	9.0823
1999	166.29	7	3.01	75.52	9.82	262.5	437.95	336.7	5.4	260.15	315.46	0.5	9.8371
1999	166.33	8	4.38	64.65	13.15	274.85	338.25	257.7	15.76	275.7	315.68	7	9.9386
1999	166.37	9	4.28	83.05	12.33	272	202.55	155.05	27.35	303.85	315.84	2	10
1999	166.42	10	4.45	86.95	9.86	266.95	262.85	202.75	43.15	317.45	316	1.5	9.9035
1999	166.46	11	4.86	83.65	7.22	259.2	286.85	220.3	49.94	317.95	316	0	9.8025
1999	166.5	12	4.35	88.2	6.02	297.2	380.65	290.15	68.73	325.05	316	0	9.7179
1999	166.54	13	4.14	91.55	8.57	249.7	421	314.7	72.55	325.25	316	0	9.7
1999	166.58	14	4.86	89.15	8.86	233.8	428.55	316.25	80.45	327.25	316	0	9.5691
1999	166.63	15	4.36	92.5	5.56	251.45	247.95	190.3	40.94	329.85	316	0	9.46
1999	166.67	16	4.18	94.05	3.98	283.95	213.55	165.2	32.14	329.8	316	0	9.3407
1999	166.71	17	4.06	93.85	4.14	279.15	170.55	131.85	26.92	329.15	316	0	9.4744
1999	166.75	18	3.89	88.2	8.61	243.85	192.65	144.55	31.26	318.45	316	2.5	9.4215
1999	166.79	19	2.93	80.5	12.93	257.25	58.39	46.56	-28.13	253.75	314.53	2.5	9.4353
1999	166.83	20	2.38	86.4	12.84	286.3	30.77	26.48	-24.42	271.2	314.56	7	9.2441
1999	166.88	21	1.88	87.25	9.28	270.5	23	19.78	-19.45	282.45	314.8	0	9.0687
1999	166.92	22	1.83	86.45	8.36	263.95	15.75	13.56	-20.4	279.85	313.76	1	8.8855
1999	166.96	23	1.44	89.2	5.35	289.05	10.19	8.45	-9.95	298.8	314.42	0	8.7063
1999	167	0	1.66	87.4	5.76	264.35	10.9	8.98	-9.15	298.55	313.46	0	8.5
1999	167.04	1	1.21	86.6	4.22	298.3	13.37	10.74	-8.14	298.9	312.95	0	-9999
1999	167.08	2	1.34	83.15	10.52	299.3	14.97	12.86	-34	254.8	309.07	0	-9999
1999	167.13	3	0.91	80.9	13.11	284.95	30.72	25.33	-42.32	232.5	306.92	1.5	-9999
1999	167.17	4	1.52	78.9	12.35	282.5	66.68	55.1	-42.32	225.75	306.12	0.5	-9999
1999	167.21	5	1.2	80.55	12.09	286	188.85	155.1	-32.97	234.65	309.45	0	-9999
1999	167.25	6	2.1	76.8	9.31	287.15	350.15	283.05	-26.24	237.4	313.18	0	-9999
1999	167.29	7	1.77	75.8	8.13	286.5	469.85	368.95	-18.85	238.25	314.58	0	-9999
1999	167.33	8	1.97	74.6	6.15	291.3	562.4	427.55	7.04	234.1	314.73	0	-9999
1999	167.38	9	2.34	71.7	3.93	313.55	647.8	473.2	49.24	235.35	315.48	0	-9999
1999	167.42	10	2.58	75.75	4.78	296.1	744.5	531.95	96.05	241.2	315.3	0	-9999
1999	167.46	11	2.69	71.7	2.51	285.5	735.3	515.15	119.45	240.9	315.27	0	-9999
1999	167.5	12	3.26	70.74	2.48	280.85	774.5	532.3	140.5	242.35	315.92	0	-9999
1999	167.54	13	3.76	67.67	2.37	292.35	750.5	508.5	137.9	247.4	315	0	-9999
1999	167.58	14	3.54	69.75	1.59	286.35	546.35	369.3	78.65	248.4	313.92	0	-9999
1999	167.63	15	4.41	68.53	0.99	286.95	670	441.55	115.4	252.45	314.71	0	-9999
1999	167.67	16	4.89	64.27	0.88	315.15	582.8	371.35	78.65	236.8	312.32	0	-9999
1999	167.71	17	5.29	63	1.12	330.25	486.65	303.6	71.2	235.45	309.61	0	-9999
1999	167.75	18	5.68	57.58	1.45	148.4	364.9	220.25	66.37	237.25	308.53	0	-9999
